5 Minutes	Lane 1 Flow (Veh/5 Minutes)	Lane 2 Flow (Veh/5 Minutes)	Lane 3 Flow (Veh/5 Minutes)	Flow (Veh/5 Minutes)	# Lane Points	% Observed
09/03/2015 00:00	12	34	26	72	3	100
09/03/2015 00:05	13	40	34	87	3	100
09/03/2015 00:10	12	30	26	68	3	100
09/03/2015 00:15	12	34	33	79	3	100
09/03/2015 00:20	12	31	30	73	3	100
09/03/2015 00:25	9	33	26	68	3	100
09/03/2015 00:30	12	27	20	59	3	100
09/03/2015 00:35	10	35	22	67	3	100
09/03/2015 00:40	8	29	27	64	3	100
09/03/2015 00:45	6	20	21	47	3	100
09/03/2015 00:50	7	21	20	48	3	100
09/03/2015 00:55	6	22	17	45	3	100
09/03/2015 01:00	9	22	23	54	3	100
09/03/2015 01:05	10	21	22	53	3	100
09/03/2015 01:10	8	11	15	34	3	100
09/03/2015 01:15	8	21	23	52	3	100
09/03/2015 01:20	6	23	19	48	3	100
09/03/2015 01:25	7	18	24	49	3	100
09/03/2015 01:30	4	13	11	28	3	100
09/03/2015 01:35	3	22	17	42	3	100
09/03/2015 01:40	7	11	14	32	3	100
09/03/2015 01:45	6	14	16	36	3	100
09/03/2015 01:50	4	21	22	47	3	100
09/03/2015 01:55	1	10	12	23	3	100
09/03/2015 02:00	3	13	11	27	3	100
09/03/2015 02:05	3	24	12	39	3	100
09/03/2015 02:10	3	10	18	31	3	100
09/03/2015 02:15	2	15	12	29	3	100
09/03/2015 02:20	4	13	11	28	3	100
09/03/2015 02:25	6	13	17	36	3	100
09/03/2015 02:30	7	18	15	40	3	100
09/03/2015 02:35	1	16	19	36	3	100
09/03/2015 02:40	2	14	18	34	3	100
09/03/2015 02:45	2	16	16	34	3	100
09/03/2015 02:50	5	15	12	32	3	100
09/03/2015 02:55	1	20	15	36	3	100
09/03/2015 03:00	9	15	13	37	3	100
09/03/2015 03:05	4	14	10	28	3	100
09/03/2015 03:10	1	14	16	31	3	100
09/03/2015 03:15	4	14	21	39	3	100
09/03/2015 03:20	2	23	17	42	3	100
09/03/2015 03:25	5	24	23	52	3	100
09/03/2015 03:30	8	18	19	45	3	100
09/03/2015 03:35	5	17	18	40	3	100
09/03/2015 03:40	7	16	20	43	3	100
09/03/2015 03:45	5	25	31	61	3	100
09/03/2015 03:50	3	23	26	52	3	100
09/03/2015 03:55	3	27	24	54	3	100
09/03/2015 04:00	9	19	10	38	3	100
09/03/2015 04:05	2	15	23	40	3	100
09/03/2015 04:10	11	21	25	57	3	100
09/03/2015 04:15	12	26	26	64	3	100
09/03/2015 04:20	12	39	23	74	3	100
09/03/2015 04:25	12	31	30	73	3	100
09/03/2015 04:30	14	30	28	72	3	100
09/03/2015 04:35	22	41	28	91	3	100
09/03/2015 04:40	20	38	40	98	3	100
09/03/2015 04:45	17	49	44	110	3	100
09/03/2015 04:50	21	50	28	99	3	100
09/03/2015 04:55	26	42	36	104	3	100
09/03/2015 05:00	19	50	31	100	3	100
09/03/2015 05:05	20	53	41	114	3	100
09/03/2015 05:10	32	66	50	148	3	100
09/03/2015 05:15	37	79	51	167	3	100
09/03/2015 05:20	46	76	47	169	3	100
09/03/2015 05:25	32	75	66	173	3	100
09/03/2015 05:30	44	84	69	197	3	100
09/03/2015 05:35	62	100	65	227	3	100
09/03/2015 05:40	64	92	84	240	3	100
09/03/2015 05:45	86	128	93	307	3	100
09/03/2015 05:50	72	132	85	289	3	100
09/03/2015 05:55	78	124	75	277	3	100
09/03/2015 06:00	69	107	73	249	3	100
09/03/2015 06:05	73	122	71	266	3	100
09/03/2015 06:10	106	137	109	352	3	100
09/03/2015 06:15	119	153	94	366	3	100
09/03/2015 06:20	114	147	98	359	3	100
09/03/2015 06:25	123	172	111	406	3	100
09/03/2015 06:30	158	162	129	449	3	100
09/03/2015 06:35	126	152	121	399	3	100
09/03/2015 06:40	183	177	129	489	3	100
09/03/2015 06:45	146	159	139	444	3	100
09/03/2015 06:50	143	148	127	418	3	100
09/03/2015 06:55	157	148	136	441	3	100
09/03/2015 07:00	150	154	124	428	3	100
09/03/2015 07:05	124	152	123	399	3	100
09/03/2015 07:10	162	152	136	450	3	100
09/03/2015 07:15	174	163	129	466	3	100
09/03/2015 07:20	151	157	128	436	3	100
09/03/2015 07:25	166	183	139	488	3	100
09/03/2015 07:30	185	171	144	500	3	100
09/03/2015 07:35	164	166	137	467	3	100
09/03/2015 07:40	181	166	133	480	3	100
09/03/2015 07:45	166	158	137	461	3	100
09/03/2015 07:50	169	160	119	448	3	100
09/03/2015 07:55	142	145	129	416	3	100
09/03/2015 08:00	137	162	139	438	3	100
09/03/2015 08:05	139	154	115	408	3	100
09/03/2015 08:10	155	157	132	444	3	100
09/03/2015 08:15	161	149	133	443	3	100
09/03/2015 08:20	160	160	127	447	3	100
09/03/2015 08:25	132	156	121	409	3	100
09/03/2015 08:30	130	164	135	429	3	100
09/03/2015 08:35	140	152	130	422	3	100
09/03/2015 08:40	137	144	127	408	3	100
09/03/2015 08:45	153	161	142	456	3	100
09/03/2015 08:50	121	152	125	398	3	100
09/03/2015 08:55	122	142	119	383	3	100
09/03/2015 09:00	111	148	105	364	3	100
09/03/2015 09:05	89	120	115	324	3	100
09/03/2015 09:10	114	134	117	365	3	100
09/03/2015 09:15	107	147	122	376	3	100
09/03/2015 09:20	96	132	96	324	3	100
09/03/2015 09:25	76	132	112	320	3	100
09/03/2015 09:30	125	148	138	411	3	100
09/03/2015 09:35	116	145	126	387	3	100
09/03/2015 09:40	133	135	123	391	3	100
09/03/2015 09:45	100	147	122	369	3	100
09/03/2015 09:50	99	132	127	358	3	100
09/03/2015 09:55	103	131	122	356	3	100
09/03/2015 10:00	111	141	113	365	3	100
09/03/2015 10:05	109	133	121	363	3	100
09/03/2015 10:10	100	120	118	338	3	100
09/03/2015 10:15	111	136	119	366	3	100
09/03/2015 10:20	81	125	98	304	3	100
09/03/2015 10:25	86	129	111	326	3	100
09/03/2015 10:30	108	144	114	366	3	100
09/03/2015 10:35	99	137	114	350	3	100
09/03/2015 10:40	120	147	119	386	3	100
09/03/2015 10:45	121	141	116	378	3	100
09/03/2015 10:50	101	139	102	342	3	100
09/03/2015 10:55	106	134	106	346	3	100
09/03/2015 11:00	95	119	113	327	3	100
09/03/2015 11:05	107	143	107	357	3	100
09/03/2015 11:10	94	131	111	336	3	100
09/03/2015 11:15	106	143	117	366	3	100
09/03/2015 11:20	111	143	123	377	3	100
09/03/2015 11:25	108	153	121	382	3	100
09/03/2015 11:30	119	146	104	369	3	100
09/03/2015 11:35	119	144	131	394	3	100
09/03/2015 11:40	127	154	113	394	3	100
09/03/2015 11:45	90	144	108	342	3	100
09/03/2015 11:50	103	133	117	353	3	100
09/03/2015 11:55	105	140	121	366	3	100
09/03/2015 12:00	93	128	113	334	3	100
09/03/2015 12:05	84	118	108	310	3	100
09/03/2015 12:10	108	155	115	378	3	100
09/03/2015 12:15	111	146	113	370	3	100
09/03/2015 12:20	118	124	118	360	3	100
09/03/2015 12:25	151	139	130	420	3	100
09/03/2015 12:30	151	130	115	396	3	100
09/03/2015 12:35	141	128	88	357	3	100
09/03/2015 12:40	146	133	113	392	3	100
09/03/2015 12:45	136	125	95	356	3	100
09/03/2015 12:50	140	132	101	373	3	100
09/03/2015 12:55	140	128	101	369	3	100
09/03/2015 13:00	144	131	91	366	3	100
09/03/2015 13:05	96	127	88	311	3	100
09/03/2015 13:10	136	129	100	365	3	100
09/03/2015 13:15	138	128	101	367	3	100
09/03/2015 13:20	134	120	100	354	3	100
09/03/2015 13:25	143	128	100	371	3	100
09/03/2015 13:30	142	126	112	380	3	100
09/03/2015 13:35	113	115	94	322	3	100
09/03/2015 13:40	110	143	121	374	3	100
09/03/2015 13:45	10	128	97	235	3	100
09/03/2015 13:50	106	138	97	341	3	100
09/03/2015 13:55	131	118	108	357	3	100
09/03/2015 14:00	141	127	112	380	3	100
09/03/2015 14:05	142	132	111	385	3	100
09/03/2015 14:10	129	114	109	352	3	100
09/03/2015 14:15	137	125	99	361	3	100
09/03/2015 14:20	132	139	119	390	3	100
09/03/2015 14:25	141	137	106	384	3	100
09/03/2015 14:30	131	138	119	388	3	100
09/03/2015 14:35	133	126	111	370	3	100
09/03/2015 14:40	135	122	102	359	3	100
09/03/2015 14:45	126	120	99	345	3	100
09/03/2015 14:50	138	124	112	374	3	100
09/03/2015 14:55	137	125	100	362	3	100
09/03/2015 15:00	142	142	110	394	3	100
09/03/2015 15:05	147	126	101	374	3	100
09/03/2015 15:10	134	130	111	375	3	100
09/03/2015 15:15	140	121	111	372	3	100
09/03/2015 15:20	133	133	123	389	3	100
09/03/2015 15:25	144	118	99	361	3	100
09/03/2015 15:30	143	124	114	381	3	100
09/03/2015 15:35	132	123	102	357	3	100
09/03/2015 15:40	145	136	109	390	3	100
09/03/2015 15:45	134	128	118	380	3	100
09/03/2015 15:50	142	131	110	383	3	100
09/03/2015 15:55	146	134	117	397	3	100
09/03/2015 16:00	128	126	113	367	3	100
09/03/2015 16:05	137	135	115	387	3	100
09/03/2015 16:10	148	124	113	385	3	100
09/03/2015 16:15	139	126	112	377	3	100
09/03/2015 16:20	132	117	102	351	3	100
09/03/2015 16:25	136	115	108	359	3	100
09/03/2015 16:30	134	119	116	369	3	100
09/03/2015 16:35	131	124	113	368	3	100
09/03/2015 16:40	128	133	117	378	3	100
09/03/2015 16:45	125	117	117	359	3	100
09/03/2015 16:50	134	126	110	370	3	100
09/03/2015 16:55	126	119	103	348	3	100
09/03/2015 17:00	133	119	113	365	3	100
09/03/2015 17:05	130	115	108	353	3	100
09/03/2015 17:10	75	130	113	318	3	100
09/03/2015 17:15	133	125	115	373	3	100
09/03/2015 17:20	128	122	107	357	3	100
09/03/2015 17:25	126	124	99	349	3	100
09/03/2015 17:30	123	107	105	335	3	100
09/03/2015 17:35	123	119	105	347	3	100
09/03/2015 17:40	128	116	116	360	3	100
09/03/2015 17:45	146	128	113	387	3	100
09/03/2015 17:50	140	124	100	364	3	100
09/03/2015 17:55	141	130	115	386	3	100
09/03/2015 18:00	136	129	114	379	3	100
09/03/2015 18:05	128	129	95	352	3	100
09/03/2015 18:10	138	129	112	379	3	100
09/03/2015 18:15	133	130	108	371	3	100
09/03/2015 18:20	140	121	104	365	3	100
09/03/2015 18:25	135	123	122	380	3	100
09/03/2015 18:30	128	135	110	373	3	100
09/03/2015 18:35	90	136	116	342	3	100
09/03/2015 18:40	10	126	109	245	3	100
09/03/2015 18:45	100	119	112	331	3	100
09/03/2015 18:50	126	128	95	349	3	100
09/03/2015 18:55	104	120	105	329	3	100
09/03/2015 19:00	118	133	108	359	3	100
09/03/2015 19:05	100	117	82	299	3	100
09/03/2015 19:10	113	129	96	338	3	100
09/03/2015 19:15	108	133	109	350	3	100
09/03/2015 19:20	112	133	103	348	3	100
09/03/2015 19:25	102	121	99	322	3	100
09/03/2015 19:30	111	117	93	321	3	100
09/03/2015 19:35	111	126	92	329	3	100
09/03/2015 19:40	86	98	88	272	3	100
09/03/2015 19:45	112	118	99	329	3	100
09/03/2015 19:50	94	106	98	298	3	100
09/03/2015 19:55	116	99	93	308	3	100
09/03/2015 20:00	87	119	85	291	3	100
09/03/2015 20:05	103	129	90	322	3	100
09/03/2015 20:10	96	123	100	319	3	100
09/03/2015 20:15	109	111	82	302	3	100
09/03/2015 20:20	101	111	97	309	3	100
09/03/2015 20:25	82	117	102	301	3	100
09/03/2015 20:30	94	120	94	308	3	100
09/03/2015 20:35	72	94	75	241	3	100
09/03/2015 20:40	102	121	89	312	3	100
09/03/2015 20:45	90	110	87	287	3	100
09/03/2015 20:50	90	107	95	292	3	100
09/03/2015 20:55	83	102	83	268	3	100
09/03/2015 21:00	100	107	72	279	3	100
09/03/2015 21:05	113	98	87	298	3	100
09/03/2015 21:10	89	96	94	279	3	100
09/03/2015 21:15	83	100	78	261	3	100
09/03/2015 21:20	90	104	85	279	3	100
09/03/2015 21:25	67	88	81	236	3	100
09/03/2015 21:30	69	91	75	235	3	100
09/03/2015 21:35	53	88	77	218	3	100
09/03/2015 21:40	55	88	76	219	3	100
09/03/2015 21:45	59	91	73	223	3	100
09/03/2015 21:50	49	69	74	192	3	100
09/03/2015 21:55	56	76	58	190	3	100
09/03/2015 22:00	57	88	68	213	3	100
09/03/2015 22:05	58	75	61	194	3	100
09/03/2015 22:10	68	85	80	233	3	100
09/03/2015 22:15	46	75	67	188	3	100
09/03/2015 22:20	42	70	53	165	3	100
09/03/2015 22:25	48	56	59	163	3	100
09/03/2015 22:30	41	65	56	162	3	100
09/03/2015 22:35	48	69	44	161	3	100
09/03/2015 22:40	35	63	55	153	3	100
09/03/2015 22:45	32	56	48	136	3	100
09/03/2015 22:50	27	64	53	144	3	100
09/03/2015 22:55	31	59	50	140	3	100
09/03/2015 23:00	29	43	41	113	3	100
09/03/2015 23:05	28	48	44	120	3	100
09/03/2015 23:10	34	52	40	126	3	100
09/03/2015 23:15	19	51	36	106	3	100
09/03/2015 23:20	34	56	39	129	3	100
09/03/2015 23:25	26	48	32	106	3	100
09/03/2015 23:30	21	49	39	109	3	100
09/03/2015 23:35	17	36	46	99	3	100
09/03/2015 23:40	14	34	40	88	3	100
09/03/2015 23:45	13	27	33	73	3	100
09/03/2015 23:50	11	35	42	88	3	100
09/03/2015 23:55	13	33	38	84	3	100
