5 Minutes	Lane 1 Truck Prop (%)	Lane 2 Truck Prop (%)	Lane 3 Truck Prop (%)	Truck Prop (%)	# Lane Points	% Observed
09/03/2015 00:00	0	26.1	50	31.1	3	67
09/03/2015 00:05	0	12	50	22.4	3	67
09/03/2015 00:10	0	2.5	50	18.2	3	67
09/03/2015 00:15	0	10	48.5	22.2	3	67
09/03/2015 00:20	0	49	48.6	41	3	67
09/03/2015 00:25	0	5.3	50	19.2	3	67
09/03/2015 00:30	0	0	50	14.3	3	67
09/03/2015 00:35	0	5.1	48	18.7	3	67
09/03/2015 00:40	0	28.9	48.4	31.8	3	67
09/03/2015 00:45	0	13.3	50	22.6	3	67
09/03/2015 00:50	0	0	47.4	18.8	3	67
09/03/2015 00:55	0	11.5	50	20.4	3	67
09/03/2015 01:00	0	32.3	50	34.5	3	67
09/03/2015 01:05	0	27.5	50	34.3	3	67
09/03/2015 01:10	0	0	50	14	3	67
09/03/2015 01:15	0	3.2	47.6	18.6	3	67
09/03/2015 01:20	0	10.7	47.4	21.8	3	67
09/03/2015 01:25	0	0	50	17.2	3	67
09/03/2015 01:30	0	47.1	44.4	38.7	3	67
09/03/2015 01:35	0	7.1	50	18.8	3	67
09/03/2015 01:40	0	0	46.2	15	3	67
09/03/2015 01:45	0	4.2	46.2	15.9	3	67
09/03/2015 01:50	0	50	50	48.1	3	67
09/03/2015 01:55	0	6.3	50	22.6	3	67
09/03/2015 02:00	0	48	45.5	45.9	3	67
09/03/2015 02:05	0	48	45.5	40.5	3	67
09/03/2015 02:10	0	50	50	42.9	3	67
09/03/2015 02:15	0	13.6	50	21.9	3	67
09/03/2015 02:20	0	0	42.9	10.7	3	67
09/03/2015 02:25	0	6.3	50	23.1	3	67
09/03/2015 02:30	0	47.8	46.2	39.5	3	67
09/03/2015 02:35	0	50	50	46.5	3	67
09/03/2015 02:40	0	47.4	47.1	42.5	3	67
09/03/2015 02:45	0	0	50	20.7	3	67
09/03/2015 02:50	0	33.3	50	36.4	3	67
09/03/2015 02:55	0	15.8	50	25.7	3	67
09/03/2015 03:00	0	0	50	14.6	3	67
09/03/2015 03:05	0	47.1	42.9	36.7	3	67
09/03/2015 03:10	0	6.3	50	25.8	3	67
09/03/2015 03:15	0	48.1	50	45.8	3	67
09/03/2015 03:20	0	50	50	45.7	3	67
09/03/2015 03:25	0	8	47.4	22.9	3	67
09/03/2015 03:30	0	4.8	47.1	20.5	3	67
09/03/2015 03:35	0	47.8	46.7	38.3	3	67
09/03/2015 03:40	0	5	47.1	20.5	3	67
09/03/2015 03:45	0	3.4	50	22.4	3	67
09/03/2015 03:50	0	50	47.8	44.6	3	67
09/03/2015 03:55	0	3.4	50	20.7	3	67
09/03/2015 04:00	0	0	50	13.2	3	67
09/03/2015 04:05	0	0	47.4	18	3	67
09/03/2015 04:10	0	50	47.6	40	3	67
09/03/2015 04:15	0	7.1	47.8	20	3	67
09/03/2015 04:20	0	27.5	50	30.8	3	67
09/03/2015 04:25	0	9.5	50	20.7	3	67
09/03/2015 04:30	0	11.6	48.3	23.2	3	67
09/03/2015 04:35	0	50	50	38.4	3	67
09/03/2015 04:40	0	50	50	39	3	67
09/03/2015 04:45	0	10.3	43.2	20.3	3	67
09/03/2015 04:50	0	4.5	50	16.7	3	67
09/03/2015 04:55	0	5.2	38.6	16.4	3	67
09/03/2015 05:00	0	50	50	39.5	3	67
09/03/2015 05:05	0	14.3	47.6	22.4	3	67
09/03/2015 05:10	0	1.4	27.8	10	3	67
09/03/2015 05:15	0	31.6	50	25.8	3	67
09/03/2015 05:20	0	11	50	18.4	3	67
09/03/2015 05:25	0	41.8	49.2	32.6	3	67
09/03/2015 05:30	0	2.4	19.4	7.4	3	67
09/03/2015 05:35	0	11	42	16.7	3	67
09/03/2015 05:40	0	7.8	33.3	13.1	3	67
09/03/2015 05:45	0	14.8	32.1	14.2	3	67
09/03/2015 05:50	0	10.9	35.9	13.8	3	67
09/03/2015 05:55	0	3.3	34.2	10.2	3	67
09/03/2015 06:00	0	9.2	42	14.6	3	67
09/03/2015 06:05	0	15.4	21.1	12.7	3	67
09/03/2015 06:10	0	12.1	27.2	12.5	3	67
09/03/2015 06:15	0	2.1	32.6	8.6	3	67
09/03/2015 06:20	0	2.7	29.7	8.3	3	67
09/03/2015 06:25	0	2	27.5	7.8	3	67
09/03/2015 06:30	0	0	0	0	3	67
09/03/2015 06:35	0	2.5	23.3	7.3	3	67
09/03/2015 06:40	0	3	20.7	6	3	67
09/03/2015 06:45	0	4.3	20.3	7	3	67
09/03/2015 06:50	0	3.8	22	7.2	3	67
09/03/2015 06:55	0	3.6	23.3	7.8	3	67
09/03/2015 07:00	0	2.5	22.4	6.5	3	67
09/03/2015 07:05	0	5.3	19.5	7.6	3	67
09/03/2015 07:10	0	9.6	22.5	8.7	3	67
09/03/2015 07:15	0	7.7	19.7	7.4	3	67
09/03/2015 07:20	0	3	16.2	5.5	3	67
09/03/2015 07:25	0	2.7	16.5	5.4	3	67
09/03/2015 07:30	0	3.9	18	6	3	67
09/03/2015 07:35	0	3.7	16.2	5.4	3	67
09/03/2015 07:40	0	5.6	21.8	7.3	3	67
09/03/2015 07:45	0	0	0	0	3	67
09/03/2015 07:50	0	1.7	12.7	3.9	3	67
09/03/2015 07:55	0	4.2	14.6	5.6	3	67
09/03/2015 08:00	0	2.4	18.3	6.1	3	67
09/03/2015 08:05	0	10.4	27.1	10.5	3	67
09/03/2015 08:10	0	2.9	18.9	6.2	3	67
09/03/2015 08:15	0	5.3	22	7.4	3	67
09/03/2015 08:20	0	5.3	7.5	4.1	3	67
09/03/2015 08:25	0	12.4	17.5	9.1	3	67
09/03/2015 08:30	0	6.5	20	8.4	3	67
09/03/2015 08:35	0	6.9	23	8.8	3	67
09/03/2015 08:40	0	9.9	11.7	6.9	3	67
09/03/2015 08:45	0	2.8	21.6	6.9	3	67
09/03/2015 08:50	0	0	0	0	3	67
09/03/2015 08:55	0	9.1	28.8	11.1	3	67
09/03/2015 09:00	0	20.5	11.9	11	3	67
09/03/2015 09:05	0	30.7	13.6	16	3	67
09/03/2015 09:10	0	22.9	13.6	12	3	67
09/03/2015 09:15	0	23.1	27.2	16.3	3	67
09/03/2015 09:20	0	5.7	18.9	7.5	3	67
09/03/2015 09:25	0	14.1	14.2	9.7	3	67
09/03/2015 09:30	0	8.9	11.2	6.9	3	67
09/03/2015 09:35	0	2.8	17.8	6	3	67
09/03/2015 09:40	0	6.3	12.7	6.1	3	67
09/03/2015 09:45	0	8	17.5	8	3	67
09/03/2015 09:50	0	8.6	16.2	8.1	3	67
09/03/2015 09:55	0	2.6	12.9	5.2	3	67
09/03/2015 10:00	0	6.1	16.1	6.9	3	67
09/03/2015 10:05	0	15.9	19	11.5	3	67
09/03/2015 10:10	0	7.6	20.2	9.1	3	67
09/03/2015 10:15	0	9	15.5	7.9	3	67
09/03/2015 10:20	0	6.7	19.3	8.7	3	67
09/03/2015 10:25	0	9.8	20.5	9.8	3	67
09/03/2015 10:30	0	23.7	14.7	12.3	3	67
09/03/2015 10:35	0	12.5	14	8.9	3	67
09/03/2015 10:40	0	11.4	20.6	10.2	3	67
09/03/2015 10:45	0	11.9	6.6	6.2	3	67
09/03/2015 10:50	0	10	11.9	7.3	3	67
09/03/2015 10:55	0	9.2	12.5	7.2	3	67
09/03/2015 11:00	0	8.2	13	7	3	67
09/03/2015 11:05	0	12.7	15	9	3	67
09/03/2015 11:10	0	6.1	12.9	6.2	3	67
09/03/2015 11:15	0	4.5	10.1	4.7	3	67
09/03/2015 11:20	0	3.7	11.6	5.1	3	67
09/03/2015 11:25	0	12.6	6	6.2	3	67
09/03/2015 11:30	0	6.5	3.3	3.4	3	67
09/03/2015 11:35	0	5.9	10.5	5.4	3	67
09/03/2015 11:40	0	9.6	8	5.7	3	67
09/03/2015 11:45	0	7.4	8.2	5.3	3	67
09/03/2015 11:50	0	8.6	7.5	5.6	3	67
09/03/2015 11:55	0	3.7	8.8	4.1	3	67
09/03/2015 12:00	0	5.3	14	6.1	3	67
09/03/2015 12:05	0	3.8	4.3	2.7	3	67
09/03/2015 12:10	0	3.6	9.4	4.2	3	67
09/03/2015 12:15	0	8.7	11	6.5	3	67
09/03/2015 12:20	0	3.6	15.3	6.3	3	67
09/03/2015 12:25	0	5.1	25.5	9.2	3	67
09/03/2015 12:30	0	6.8	19.2	8	3	67
09/03/2015 12:35	0	5.2	16.5	6.7	3	67
09/03/2015 12:40	0	5.3	18.1	7.4	3	67
09/03/2015 12:45	0	4.7	17.3	6.6	3	67
09/03/2015 12:50	0	1.9	12.4	4.4	3	67
09/03/2015 12:55	0	4.6	16.8	6.5	3	67
09/03/2015 13:00	0	6.7	19.5	8.1	3	67
09/03/2015 13:05	0	7.8	21	8.7	3	67
09/03/2015 13:10	0	4.7	16.7	6.6	3	67
09/03/2015 13:15	0	2.5	12.9	4.9	3	67
09/03/2015 13:20	0	10.5	24.3	10.8	3	67
09/03/2015 13:25	0	8.2	21.1	9.2	3	67
09/03/2015 13:30	0	4.5	16.5	6.6	3	67
09/03/2015 13:35	0	7	19.5	8	3	67
09/03/2015 13:40	0	5	16.7	6.7	3	67
09/03/2015 13:45	0	4.5	15.7	6.2	3	67
09/03/2015 13:50	0	8	20.5	8.9	3	67
09/03/2015 13:55	0	5.4	18	7	3	67
09/03/2015 14:00	0	17.7	33.3	15.1	3	67
09/03/2015 14:05	0	8	20.5	8.8	3	67
09/03/2015 14:10	0	7.4	20.5	8.4	3	67
09/03/2015 14:15	0	13.2	27.9	12.6	3	67
09/03/2015 14:20	0	11.2	24	11.3	3	67
09/03/2015 14:25	0	4.3	15.5	6.1	3	67
09/03/2015 14:30	0	1.2	19	5.6	3	67
09/03/2015 14:35	0	6.7	19.4	7.9	3	67
09/03/2015 14:40	0	17.7	33.6	15.5	3	67
09/03/2015 14:45	0	5.2	18.2	7	3	67
09/03/2015 14:50	0	4.7	17.7	6.6	3	67
09/03/2015 14:55	0	20.4	38.2	17.7	3	67
09/03/2015 15:00	0	0	16.4	4.6	3	67
09/03/2015 15:05	0	5.7	17.6	7	3	67
09/03/2015 15:10	0	.6	11	3.6	3	67
09/03/2015 15:15	0	4	15.6	5.9	3	67
09/03/2015 15:20	0	4.9	23.1	8.1	3	67
09/03/2015 15:25	0	7.6	28.8	10.2	3	67
09/03/2015 15:30	0	9.7	23.3	9.6	3	67
09/03/2015 15:35	0	7.5	20.3	8.7	3	67
09/03/2015 15:40	0	6.9	18.9	7.9	3	67
09/03/2015 15:45	0	3.7	15.6	6	3	67
09/03/2015 15:50	0	3.6	14.8	5.6	3	67
09/03/2015 15:55	0	1.9	12.3	4.2	3	67
09/03/2015 16:00	0	3.2	14.3	5.2	3	67
09/03/2015 16:05	0	3.7	14.4	5.6	3	67
09/03/2015 16:10	0	6.5	18.3	7.7	3	67
09/03/2015 16:15	0	4.3	16.7	6	3	67
09/03/2015 16:20	0	2.6	13.8	5	3	67
09/03/2015 16:25	0	16.8	32.8	14.1	3	67
09/03/2015 16:30	0	1.9	13	4.5	3	67
09/03/2015 16:35	0	0	9.8	3	3	67
09/03/2015 16:40	0	8.2	20.6	9.3	3	67
09/03/2015 16:45	0	5.7	18.4	7.4	3	67
09/03/2015 16:50	0	4.1	16	5.9	3	67
09/03/2015 16:55	0	0	9.9	3.1	3	67
09/03/2015 17:00	0	6.2	18.6	7.9	3	67
09/03/2015 17:05	0	2	13.2	4.6	3	67
09/03/2015 17:10	0	1.8	12.8	4.4	3	67
09/03/2015 17:15	0	3.3	14.9	5.3	3	67
09/03/2015 17:20	0	2	13	4.5	3	67
09/03/2015 17:25	0	0	10	3	3	67
09/03/2015 17:30	0	2	13.5	4.7	3	67
09/03/2015 17:35	0	3.5	49.6	15.6	3	67
09/03/2015 17:40	0	4.8	16.3	6.3	3	67
09/03/2015 17:45	0	3.8	15.7	6.1	3	67
09/03/2015 17:50	0	8.2	21.4	9	3	67
09/03/2015 17:55	0	3.8	15	5.7	3	67
09/03/2015 18:00	0	3.4	15	5.6	3	67
09/03/2015 18:05	0	11.7	25.2	11.9	3	67
09/03/2015 18:10	0	2.8	14.1	5	3	67
09/03/2015 18:15	0	3.9	16.2	6.3	3	67
09/03/2015 18:20	0	3.2	14.3	5.5	3	67
09/03/2015 18:25	0	7.7	20.4	9.2	3	67
09/03/2015 18:30	0	7	23.8	9.2	3	67
09/03/2015 18:35	0	1.2	11.6	4	3	67
09/03/2015 18:40	0	8.5	28.7	11.3	3	67
09/03/2015 18:45	0	1.4	11.6	3.9	3	67
09/03/2015 18:50	0	29.8	8.9	12.3	3	67
09/03/2015 18:55	0	.7	6.7	2.4	3	67
09/03/2015 19:00	0	2.7	11.5	4.5	3	67
09/03/2015 19:05	0	9.7	7.6	5.7	3	67
09/03/2015 19:10	0	3	11	4.1	3	67
09/03/2015 19:15	0	5.5	10	5.1	3	67
09/03/2015 19:20	0	2.1	5.4	2.4	3	67
09/03/2015 19:25	0	22.9	15.5	12.6	3	67
09/03/2015 19:30	0	7.3	9.8	5.6	3	67
09/03/2015 19:35	0	3.5	7.8	3.6	3	67
09/03/2015 19:40	0	16.7	12.6	9.9	3	67
09/03/2015 19:45	0	1.5	12.8	4.5	3	67
09/03/2015 19:50	0	9.8	11	6.8	3	67
09/03/2015 19:55	0	4.3	17.8	6.7	3	67
09/03/2015 20:00	0	3.6	8.1	3.8	3	67
09/03/2015 20:05	0	10.7	9.5	6.7	3	67
09/03/2015 20:10	0	.7	8.2	2.8	3	67
09/03/2015 20:15	0	.7	5.6	2.1	3	67
09/03/2015 20:20	0	8.1	19.4	8.5	3	67
09/03/2015 20:25	0	5.2	10	5.1	3	67
09/03/2015 20:30	0	5.6	18.2	7.6	3	67
09/03/2015 20:35	0	13	12	8.3	3	67
09/03/2015 20:40	0	2.3	11.7	4.4	3	67
09/03/2015 20:45	0	3.5	16.2	6	3	67
09/03/2015 20:50	0	4	11.8	5.1	3	67
09/03/2015 20:55	0	1.8	13.5	4.9	3	67
09/03/2015 21:00	0	3.1	4.4	2.6	3	67
09/03/2015 21:05	0	7	9.7	5.7	3	67
09/03/2015 21:10	0	2.3	11.3	4.6	3	67
09/03/2015 21:15	0	2.5	12.5	4.8	3	67
09/03/2015 21:20	0	15.4	17.6	11.1	3	67
09/03/2015 21:25	0	10.6	22.5	11.4	3	67
09/03/2015 21:30	0	2.9	19.3	7.2	3	67
09/03/2015 21:35	0	4.7	17.6	7.7	3	67
09/03/2015 21:40	0	6.1	20.5	9.1	3	67
09/03/2015 21:45	0	3.7	16.3	7	3	67
09/03/2015 21:50	0	12.8	21.5	12.3	3	67
09/03/2015 21:55	0	16.2	22.6	14.4	3	67
09/03/2015 22:00	0	4.5	20.5	8.2	3	67
09/03/2015 22:05	0	12.2	28.9	14.2	3	67
09/03/2015 22:10	0	1.8	14.9	5.6	3	67
09/03/2015 22:15	0	35.2	21.1	20.6	3	67
09/03/2015 22:20	0	33.3	49.1	28.3	3	67
09/03/2015 22:25	0	16.4	37.9	18.4	3	67
09/03/2015 22:30	0	26.1	44.4	23.9	3	67
09/03/2015 22:35	0	8.8	29.2	12.8	3	67
09/03/2015 22:40	0	1.3	30.2	10.3	3	67
09/03/2015 22:45	0	0	39.6	12.2	3	67
09/03/2015 22:50	0	20	41.8	23.3	3	67
09/03/2015 22:55	0	2.9	31.5	11.1	3	67
09/03/2015 23:00	0	2	48.6	17.6	3	67
09/03/2015 23:05	0	11.1	40.8	18.1	3	67
09/03/2015 23:10	0	17.1	38.2	20	3	67
09/03/2015 23:15	0	1.8	48.8	16.8	3	67
09/03/2015 23:20	0	4.3	25.9	10.4	3	67
09/03/2015 23:25	0	3.4	43.2	15.6	3	67
09/03/2015 23:30	0	49.1	48.8	39.2	3	67
09/03/2015 23:35	0	9.3	44.2	18.3	3	67
09/03/2015 23:40	0	2.2	48.6	17.9	3	67
09/03/2015 23:45	0	2.4	50	19	3	67
09/03/2015 23:50	0	4.7	45	19.8	3	67
09/03/2015 23:55	0	50	50	40.9	3	67
