5 Minutes	Lane 1 Speed (mph)	Lane 2 Speed (mph)	Lane 3 Speed (mph)	Lane 4 Speed (mph)	Lane 5 Speed (mph)	Speed (mph)	# Lane Points	% Observed
09/03/2015 00:00	71	74	72	79.2	64.5	74.5	5	80
09/03/2015 00:05	70.6	73.6	70.9	79.2	64.5	74	5	80
09/03/2015 00:10	71.8	74.6	71.7	79.2	64.5	75.4	5	80
09/03/2015 00:15	66.5	74.3	73.4	50.5	64.5	67	5	80
09/03/2015 00:20	63.3	75.7	74.3	34.9	64.5	63	5	80
09/03/2015 00:25	64.5	74.2	73.4	24.8	64.5	59	5	80
09/03/2015 00:30	67.4	74.1	72.4	20.5	64.5	58.9	5	80
09/03/2015 00:35	64.5	73.3	69.3	20.4	64.5	57.1	5	80
09/03/2015 00:40	62.6	74.4	75	20.7	64.5	58.8	5	80
09/03/2015 00:45	67.2	73.4	75.8	19.3	64.5	58.7	5	80
09/03/2015 00:50	67.9	73.8	74.3	26.6	64.5	55.3	5	80
09/03/2015 00:55	67.2	74.3	73.2	24	64.5	56.8	5	80
09/03/2015 01:00	62.2	74	73.3	19	64.4	55.1	5	80
09/03/2015 01:05	62.9	74.5	74.5	20.6	64.4	54.1	5	80
09/03/2015 01:10	65.8	74.5	74.8	60.4	64.4	65.5	5	80
09/03/2015 01:15	72	74.6	79.1	79.2	64.4	77.5	5	80
09/03/2015 01:20	71.8	74.6	74.3	79.2	64.4	76.7	5	80
09/03/2015 01:25	72	74.6	72.5	79.2	64.4	76.9	5	80
09/03/2015 01:30	57.9	74.6	57.6	79.2	64.5	72.4	5	80
09/03/2015 01:35	64.2	74.7	64.3	79.2	64.4	74.7	5	80
09/03/2015 01:40	68.6	74.5	68.3	79.2	64.4	76	5	80
09/03/2015 01:45	67.9	74	66	79.2	64.4	76.1	5	80
09/03/2015 01:50	64.1	74.8	66.7	79.2	64.4	74.8	5	80
09/03/2015 01:55	66.9	74	70.1	79.2	64.4	75.2	5	80
09/03/2015 02:00	65.7	72.7	69.5	79.2	64.4	74.3	5	80
09/03/2015 02:05	64.9	72.5	67.2	79.2	64.4	73.4	5	80
09/03/2015 02:10	66.1	72.6	70.8	79.2	64.3	76.3	5	80
09/03/2015 02:15	66.6	73.4	69.9	79.2	64.4	74.2	5	80
09/03/2015 02:20	68.1	73.7	69.1	79.2	64.4	74.1	5	80
09/03/2015 02:25	68.7	73.9	67.6	79.2	64.5	74.4	5	80
09/03/2015 02:30	64	73.4	67	79.2	64.5	74.5	5	80
09/03/2015 02:35	64	73.8	67	79.2	64.4	74	5	80
09/03/2015 02:40	66.7	74	69.6	79.2	64.5	75.2	5	80
09/03/2015 02:45	65.4	74.2	69.1	79.2	64.5	74.8	5	80
09/03/2015 02:50	66.8	74.3	70.9	79.2	64.5	74.8	5	80
09/03/2015 02:55	67.1	73.6	66.5	79.2	64.5	74.8	5	80
09/03/2015 03:00	67.3	73.3	66.1	79.2	64.5	74.1	5	80
09/03/2015 03:05	65.3	73.1	68.6	79.2	64.5	72.7	5	80
09/03/2015 03:10	66.9	73.7	70	79.2	64.4	74.2	5	80
09/03/2015 03:15	62.8	73.4	65	79.2	64.5	73.1	5	80
09/03/2015 03:20	64.9	74.3	68.1	79.2	64.5	73.9	5	80
09/03/2015 03:25	66.7	72.4	70.2	79.2	64.5	73.3	5	80
09/03/2015 03:30	68	72.7	70.3	79.2	64.5	74.6	5	80
09/03/2015 03:35	66.5	73.6	71.2	79.2	64.6	74.4	5	80
09/03/2015 03:40	63.4	74.1	75.7	51	64.6	67.1	5	80
09/03/2015 03:45	70.9	74.7	79.4	37.6	64.5	65.5	5	80
09/03/2015 03:50	62	74.7	72.7	31.7	64.5	60.8	5	80
09/03/2015 03:55	63	74	76.3	36.1	64.6	63	5	80
09/03/2015 04:00	66.8	73.9	72.1	36	64.6	60.2	5	80
09/03/2015 04:05	70.6	73.5	71.6	75.3	64.6	72.8	5	80
09/03/2015 04:10	62.2	74.1	68.4	49.7	64.5	63.4	5	80
09/03/2015 04:15	68.1	72.4	73.9	79.2	64.6	74	5	80
09/03/2015 04:20	61.2	71.8	61.9	60.3	64.5	63.9	5	80
09/03/2015 04:25	60.8	72.1	62.8	52.2	64.5	62.4	5	80
09/03/2015 04:30	63.5	72.2	67.6	50.4	64.5	64	5	80
09/03/2015 04:35	60	74.3	70.8	49.5	64.5	64.7	5	80
09/03/2015 04:40	65.5	73.2	78.4	43.7	64.6	67.7	5	80
09/03/2015 04:45	67.1	70.4	74.4	48.1	64.5	65.6	5	80
09/03/2015 04:50	61.7	72.9	64.2	49.7	64.6	63	5	80
09/03/2015 04:55	69	71	76.7	35.9	64.5	63.4	5	80
09/03/2015 05:00	58.1	72.5	65	33.1	64.5	61.9	5	80
09/03/2015 05:05	55.8	74.9	56.8	28.6	64.5	58.7	5	80
09/03/2015 05:10	60.1	74.5	61.6	22.8	64.5	62.9	5	80
09/03/2015 05:15	58.3	74.1	63	23.3	64.5	62.7	5	80
09/03/2015 05:20	59.1	68.9	59.7	28.1	64.5	60.1	5	80
09/03/2015 05:25	55	72.2	57.3	34.2	64.5	60.6	5	80
09/03/2015 05:30	64	72.8	67	27.3	64.5	63.6	5	80
09/03/2015 05:35	61	71.1	63.1	26.4	64.5	62	5	80
09/03/2015 05:40	63.9	73.2	65.4	23.9	64.6	63.8	5	80
09/03/2015 05:45	65.5	74.1	68.4	26.1	64.5	66.1	5	80
09/03/2015 05:50	66.5	74.4	71.1	22.4	64.5	67.5	5	80
09/03/2015 05:55	68.2	74.1	71.9	19.6	64.4	66.3	5	80
09/03/2015 06:00	68.8	70.7	71	13.9	63.2	66.2	5	80
09/03/2015 06:05	60.6	71.2	65	13.9	63.8	62.2	5	80
09/03/2015 06:10	60	70.5	66.7	14.5	64.2	63.9	5	80
09/03/2015 06:15	64.3	72.4	67	13.8	64.4	65.3	5	80
09/03/2015 06:20	65.6	72.9	69.3	14.4	64.5	66.5	5	80
09/03/2015 06:25	64.3	71.4	68.8	13.7	64.5	66	5	80
09/03/2015 06:30	66.9	72.4	72.2	15.7	64.5	67	5	80
09/03/2015 06:35	67.6	72.9	72	14.9	64.5	65.9	5	80
09/03/2015 06:40	67.4	71.3	73.2	17.1	64.5	67.4	5	80
09/03/2015 06:45	62.5	70.2	72.4	22.2	64.5	65.7	5	80
09/03/2015 06:50	62.4	70.6	72.1	18.2	64.5	65.9	5	80
09/03/2015 06:55	63.7	70.6	66.8	15.9	64.5	64	5	80
09/03/2015 07:00	65.8	71.2	69.3	18.5	64.5	66.1	5	80
09/03/2015 07:05	67.4	71.6	72.7	17.3	64.7	67.6	5	80
09/03/2015 07:10	65.9	68.7	72.5	21.1	64.6	65	5	80
09/03/2015 07:15	63.9	69.7	70.5	20.3	64.5	64.5	5	80
09/03/2015 07:20	65.2	68.7	70	28.8	64.5	64.8	5	80
09/03/2015 07:25	65.7	67.8	72.8	22.3	64.5	65.7	5	80
09/03/2015 07:30	62.7	66	70.6	40.9	64.6	64.3	5	80
09/03/2015 07:35	62.9	64.3	71.5	49.1	64.5	63.6	5	80
09/03/2015 07:40	61.9	64.3	68.9	48.2	64.5	62.7	5	80
09/03/2015 07:45	62.2	65.8	66.1	41.5	64.4	61.4	5	80
09/03/2015 07:50	62.2	66.7	68.5	27.2	64.5	62.5	5	80
09/03/2015 07:55	63.8	66.1	71	25.1	64.5	63.8	5	80
09/03/2015 08:00	64.8	67.3	71.9	19.7	64.5	64.1	5	80
09/03/2015 08:05	62.2	66.8	67.9	38.9	64.5	60.9	5	80
09/03/2015 08:10	62.6	66.1	69.3	42.2	64.5	63.8	5	80
09/03/2015 08:15	62	65.5	68.4	32.6	64.6	61.4	5	80
09/03/2015 08:20	62.3	66.1	68.2	29.8	64.3	61.6	5	80
09/03/2015 08:25	60.3	65.7	66.9	25.9	64.5	60.1	5	80
09/03/2015 08:30	60.8	64	64.3	45.3	64.5	60.7	5	80
09/03/2015 08:35	60.5	64.4	63.8	55.4	64.5	62.3	5	80
09/03/2015 08:40	59.6	65.7	66	42.2	64.5	62.4	5	80
09/03/2015 08:45	61.4	66.7	63.9	49.4	64.5	63.3	5	80
09/03/2015 08:50	62.4	66.9	65.7	38	64.5	62.3	5	80
09/03/2015 08:55	61.1	66.9	63.3	30.7	64.5	61.6	5	80
09/03/2015 09:00	58	66.4	61.4	22.9	64.6	59.3	5	80
09/03/2015 09:05	58.5	69.4	63.4	16.1	64.5	61.3	5	80
09/03/2015 09:10	59.4	66.5	67.3	14.2	64.5	60.1	5	80
09/03/2015 09:15	57.6	64.2	64.4	38.3	64.5	61.2	5	80
09/03/2015 09:20	55.8	63.5	59.9	30.5	64.6	58.6	5	80
09/03/2015 09:25	57.4	64.3	63	36.8	64.5	60.5	5	80
09/03/2015 09:30	57.3	66.5	63.2	32.2	64.4	60.2	5	80
09/03/2015 09:35	61.5	67.6	65.8	21.8	64.5	62.4	5	80
09/03/2015 09:40	61.1	64.9	64.3	18.5	64.4	58.6	5	80
09/03/2015 09:45	59.7	64.7	61.2	21.9	64.4	59.8	5	80
09/03/2015 09:50	59.3	64.9	61.1	27.2	64.4	59.3	5	80
09/03/2015 09:55	59.7	65.7	61	24.5	64.4	58.9	5	80
09/03/2015 10:00	60.7	64	62.8	18.5	64.4	58.5	5	80
09/03/2015 10:05	56.9	64	61.1	24	64.4	57.3	5	80
09/03/2015 10:10	56.2	63.6	56	20.9	64.4	55.2	5	80
09/03/2015 10:15	56.3	63.7	57.6	19.4	64.4	57.1	5	80
09/03/2015 10:20	54.8	65	52.3	16.8	64.4	56.1	5	80
09/03/2015 10:25	56.1	67	56	16.8	64.4	55.9	5	80
09/03/2015 10:30	51.6	66.3	55.9	21.1	64.4	55.6	5	80
09/03/2015 10:35	54.5	68	58.8	19.9	64.3	58.6	5	80
09/03/2015 10:40	55	67.8	59.1	19.6	64.4	58.2	5	80
09/03/2015 10:45	56.2	68.3	60.8	21.1	64.4	58.8	5	80
09/03/2015 10:50	54.6	65.3	57.7	26.6	64.2	57.4	5	80
09/03/2015 10:55	54.7	63.5	56.6	26.8	64.3	55	5	80
09/03/2015 11:00	57.6	61.8	60.1	23.5	64.4	57.7	5	80
09/03/2015 11:05	55.9	62.2	59.7	30.3	64.4	57.6	5	80
09/03/2015 11:10	59	65.2	60.5	45	64.5	60.3	5	80
09/03/2015 11:15	61	67	63.2	49.8	64.5	62.8	5	80
09/03/2015 11:20	63.3	68.2	62.5	73.6	64.3	65.6	5	80
09/03/2015 11:25	60.8	66.2	62.9	77.6	64.4	64.7	5	80
09/03/2015 11:30	62	66.2	65.1	66.9	64.3	64.7	5	80
09/03/2015 11:35	61.2	67.1	62	72.8	64.3	64.9	5	80
09/03/2015 11:40	58.3	67.2	59.7	55.1	64.3	62	5	80
09/03/2015 11:45	60.1	68.9	58.2	75.8	64.4	64.9	5	80
09/03/2015 11:50	61.9	67.6	64.7	67.4	64.4	65.1	5	80
09/03/2015 11:55	61.4	66.8	64.1	45.9	64.4	62.4	5	80
09/03/2015 12:00	62.8	67.3	62.6	69	64.4	65.1	5	80
09/03/2015 12:05	61.9	68.6	65.4	56.3	64.5	64.4	5	80
09/03/2015 12:10	59.6	66.7	60.7	47.2	64.5	61.7	5	80
09/03/2015 12:15	58.7	63.4	59	41.8	64.5	59	5	80
09/03/2015 12:20	58.3	65.4	58.5	32.8	64.4	58.5	5	80
09/03/2015 12:25	51.8	46.5	42.1	67.2	64.5	51.1	5	80
09/03/2015 12:30	42.8	33.8	31.4	58.8	64.4	42.7	5	80
09/03/2015 12:35	39.3	29.3	23.5	64.2	64.4	39.2	5	80
09/03/2015 12:40	37	26	23.3	64.4	64.5	36.8	5	80
09/03/2015 12:45	34.9	23.8	19.4	68.2	64.7	36	5	80
09/03/2015 12:50	36.8	23.5	19.4	62.2	64.5	34.7	5	80
09/03/2015 12:55	36	23.5	18.9	63.8	64.5	34.5	5	80
09/03/2015 13:00	29.9	20.8	16.9	45.9	64.4	29.7	5	80
09/03/2015 13:05	31.8	20.6	17.2	50	64.4	29.6	5	80
09/03/2015 13:10	24.9	20.1	16.5	37.5	64.4	26.8	5	80
09/03/2015 13:15	26.3	20.3	19	40.1	64.5	28.3	5	80
09/03/2015 13:20	30.6	20.4	18.4	48.6	64.7	30.6	5	80
09/03/2015 13:25	30.4	21.9	18.9	47.3	64.7	30.9	5	80
09/03/2015 13:30	33.3	21.1	20.8	51.3	64.7	30.4	5	80
09/03/2015 13:35	32.3	20.2	17.8	57.7	64.5	33.2	5	80
09/03/2015 13:40	35	22.8	23.3	60	64.4	33.2	5	80
09/03/2015 13:45	34.2	22.9	21.6	52	64.3	32.5	5	80
09/03/2015 13:50	32.2	24.1	19.8	49	64.3	32	5	80
09/03/2015 13:55	33.3	22.8	19.2	53.9	64.4	33.5	5	80
09/03/2015 14:00	30.4	21.8	21.9	55.4	64.6	33.1	5	80
09/03/2015 14:05	31	22	20.3	45.9	64.6	30.9	5	80
09/03/2015 14:10	30	19.8	21.4	44.5	64.6	29.6	5	80
09/03/2015 14:15	29.9	20.8	20.5	56.3	64.2	30.7	5	80
09/03/2015 14:20	31.3	21.8	24	56.8	64.3	33.1	5	80
09/03/2015 14:25	34.3	22.7	24.1	50.3	64.5	32.2	5	80
09/03/2015 14:30	28.5	20.5	25.1	37.8	62.7	27.8	5	80
09/03/2015 14:35	29.6	20.5	24.3	40.6	63.6	29.1	5	80
09/03/2015 14:40	28.7	19.1	22.6	40.7	64	29.2	5	80
09/03/2015 14:45	28.8	18.7	20.3	43.4	64.3	27.3	5	80
09/03/2015 14:50	32	19.2	24.9	44.6	64.4	30.4	5	80
09/03/2015 14:55	29.9	18.9	23.2	42.4	64.5	30	5	80
09/03/2015 15:00	29.1	20.7	25.7	38.2	64.5	28.5	5	80
09/03/2015 15:05	27.4	22.3	21.4	39.7	64.7	28.7	5	80
09/03/2015 15:10	29.6	22.7	21.6	43.5	64.7	30	5	80
09/03/2015 15:15	27.2	20.2	23.4	37.2	64.6	27.9	5	80
09/03/2015 15:20	32	19.8	23.3	46.3	64.6	29.6	5	80
09/03/2015 15:25	28.1	21.1	20.8	41.5	64.6	27.3	5	80
09/03/2015 15:30	26.4	19.9	19.7	39.1	64.6	27.5	5	80
09/03/2015 15:35	31.6	20.1	20.1	48.9	64.5	31	5	80
09/03/2015 15:40	30	20.5	20.5	45.5	64.6	28.7	5	80
09/03/2015 15:45	30.6	20.4	20.8	46.3	64.6	29.9	5	80
09/03/2015 15:50	30.6	21.3	22.5	44.5	64.6	29.4	5	80
09/03/2015 15:55	37	20.7	22.6	56.3	64.6	33.7	5	80
09/03/2015 16:00	30.4	19.7	20.7	45.9	64.7	29.3	5	80
09/03/2015 16:05	30.3	21	21.9	44	64.6	29	5	80
09/03/2015 16:10	36.7	20.7	23.9	57	64.5	33.8	5	80
09/03/2015 16:15	34.2	20.4	23.6	50	64.4	32.6	5	80
09/03/2015 16:20	34.2	18.5	20.8	52.1	64.3	32.5	5	80
09/03/2015 16:25	31	18.1	21	46.8	64.4	28.4	5	80
09/03/2015 16:30	31.5	19.5	22.2	46.5	64.4	31	5	80
09/03/2015 16:35	29.5	18.3	21	43.6	64.4	28.9	5	80
09/03/2015 16:40	34.5	20.8	26.1	47.9	64.4	32.5	5	80
09/03/2015 16:45	31.6	19.7	23.3	45.4	64.4	31.1	5	80
09/03/2015 16:50	33.4	19.6	22.9	49.2	64.4	31.5	5	80
09/03/2015 16:55	35.1	20	22.3	53	64.3	32.3	5	80
09/03/2015 17:00	28.9	20.5	22.5	41.2	64.4	29.5	5	80
09/03/2015 17:05	25.3	19.7	20.4	36.8	64.5	27.7	5	80
09/03/2015 17:10	27.2	20.1	21	39.6	64.4	28.3	5	80
09/03/2015 17:15	35.5	19	23.8	52.3	64.3	33.5	5	80
09/03/2015 17:20	29.7	18.5	22.2	43	64.5	28.7	5	80
09/03/2015 17:25	27.6	17.7	21.5	39.9	64.5	28.7	5	80
09/03/2015 17:30	30.8	16.8	21.2	46.2	64.5	29	5	80
09/03/2015 17:35	17.2	17.1	22.4	49	36.9	26.5	5	80
09/03/2015 17:40	27	18.1	21.2	51.9	50.7	27.5	5	80
09/03/2015 17:45	27.8	19.7	21.7	40.1	57.6	27.7	5	80
09/03/2015 17:50	31.2	20.1	21	47.1	61.1	29.2	5	80
09/03/2015 17:55	28.9	19.6	20.7	43.2	62.6	29	5	80
09/03/2015 18:00	36.7	20.5	23	55.3	63.5	34.5	5	80
09/03/2015 18:05	34.3	21.1	21.3	67.6	64	36.4	5	80
09/03/2015 18:10	37.1	20.8	22.7	64.5	64.1	34.1	5	80
09/03/2015 18:15	36.1	19.4	21.2	69.8	64.2	35.8	5	80
09/03/2015 18:20	36.1	18.9	21.1	60.6	64.3	30.4	5	80
09/03/2015 18:25	32.9	18.7	25.8	45.2	64.4	30.2	5	80
09/03/2015 18:30	34.4	19.5	26.1	47.7	64.4	30.8	5	80
09/03/2015 18:35	32.3	22.5	27.2	42.7	64.5	31.2	5	80
09/03/2015 18:40	25.8	22.2	25.5	32.4	64.5	27.3	5	80
09/03/2015 18:45	28.2	21.9	28.5	33.6	64.5	29.7	5	80
09/03/2015 18:50	34	27.8	34.4	27.5	64.5	33.7	5	80
09/03/2015 18:55	48.2	48.4	48.9	28.7	64.5	47.6	5	80
09/03/2015 19:00	56.8	57.9	57.5	31.9	64.5	56.1	5	80
09/03/2015 19:05	60.1	62.9	65.1	25.8	64.5	59	5	80
09/03/2015 19:10	62.2	64.1	68.4	23.2	64.4	60.8	5	80
09/03/2015 19:15	63.4	69	69.4	25.1	64.4	64.5	5	80
09/03/2015 19:20	66.9	71.2	71.7	23.3	64.4	65.6	5	80
09/03/2015 19:25	60.5	70.1	68.4	18.9	64.4	62.7	5	80
09/03/2015 19:30	59.7	69.6	66.9	14.2	64.4	59.8	5	80
09/03/2015 19:35	62.1	68.6	67.8	24	64.3	61.4	5	80
09/03/2015 19:40	59.8	70.3	66.7	20.4	64.4	61	5	80
09/03/2015 19:45	62.1	70.8	65.4	17.8	64.4	60.8	5	80
09/03/2015 19:50	61.2	68.6	68.6	20.8	64.4	59.1	5	80
09/03/2015 19:55	61.6	67	66.6	19.3	64.4	62.2	5	80
09/03/2015 20:00	61.3	69.5	63.9	13	64.4	62.5	5	80
09/03/2015 20:05	59.6	68.2	67.1	12.3	64.3	61	5	80
09/03/2015 20:10	64.2	69.3	68.9	34.2	64.4	63.9	5	80
09/03/2015 20:15	63.4	68.8	66	23.1	64.3	62.7	5	80
09/03/2015 20:20	61.4	69.3	64.8	18.4	64.4	63.2	5	80
09/03/2015 20:25	61.7	67.9	66.3	29.3	64.6	59.8	5	80
09/03/2015 20:30	59.8	67.3	61	43.9	64.5	59.8	5	80
09/03/2015 20:35	59.5	68.6	66	56.7	64.5	63.5	5	80
09/03/2015 20:40	65.8	70.3	66.8	65	64.5	67.5	5	80
09/03/2015 20:45	66.4	67.9	66.8	68	64.5	67.1	5	80
09/03/2015 20:50	64.4	67.8	68.5	39.2	64.5	64.7	5	80
09/03/2015 20:55	67.1	71.9	69.9	51.6	64.5	66.8	5	80
09/03/2015 21:00	70.6	74.1	71.2	74.2	64.5	72	5	80
09/03/2015 21:05	67.1	71	74.9	79.2	64.4	71.3	5	80
09/03/2015 21:10	68.2	72.9	74.9	63.3	64.4	70.6	5	80
09/03/2015 21:15	68.8	73.9	77.3	41.9	64.5	69.6	5	80
09/03/2015 21:20	62.6	74.3	73.1	35.1	64.4	66	5	80
09/03/2015 21:25	63.1	74.6	73.5	30.7	64.4	64.5	5	80
09/03/2015 21:30	65.4	75.1	71.7	23.6	64.4	64.3	5	80
09/03/2015 21:35	66.3	76.2	72.1	46.5	64.4	68.3	5	80
09/03/2015 21:40	65.9	75.6	69.9	36.7	64.4	67	5	80
09/03/2015 21:45	65.9	74.2	68.8	61.8	64.5	67.9	5	80
09/03/2015 21:50	65.8	74.4	74.3	40.4	64.5	66.7	5	80
09/03/2015 21:55	61.3	74	72.4	26.1	64.5	65.3	5	80
09/03/2015 22:00	61.5	74.3	65.4	23.5	64.5	63.3	5	80
09/03/2015 22:05	62.7	76	66.9	55.7	64.4	65.9	5	80
09/03/2015 22:10	66	72.9	64.9	70	64.4	68.2	5	80
09/03/2015 22:15	61.8	72.6	74.9	51.6	64.4	65.9	5	80
09/03/2015 22:20	60.4	74.4	67.2	42.4	64.4	62.4	5	80
09/03/2015 22:25	62.3	74.4	72.3	32.8	64.5	64.3	5	80
09/03/2015 22:30	62.5	73.4	72.8	21.5	64.5	64	5	80
09/03/2015 22:35	59.8	76.3	66.2	32.1	64.5	59.6	5	80
09/03/2015 22:40	63.3	76.4	67.2	46.5	64.5	63.4	5	80
09/03/2015 22:45	74.3	76.7	78.9	77.2	64.6	76.2	5	80
09/03/2015 22:50	68.4	73.9	76.9	66.6	64.5	71.3	5	80
09/03/2015 22:55	70.4	75.7	76.8	36.5	64.5	70.6	5	80
09/03/2015 23:00	67.7	73.7	73.1	30.7	64.5	64.1	5	80
09/03/2015 23:05	64.9	72.7	67.6	22.9	64.4	60.6	5	80
09/03/2015 23:10	61.7	74.2	66.9	20.2	64.4	61.2	5	80
09/03/2015 23:15	67.2	76.3	70.4	28.6	64.4	60.7	5	80
09/03/2015 23:20	72.7	73.3	74.2	79.2	64.5	75.3	5	80
09/03/2015 23:25	73.8	75.2	74.8	79.2	64.5	76.1	5	80
09/03/2015 23:30	68.3	75.8	72	79.2	64.4	75.3	5	80
09/03/2015 23:35	67.5	75.3	71.7	79.2	64.5	74.3	5	80
09/03/2015 23:40	71.4	75	76.4	79.2	64.5	76.2	5	80
09/03/2015 23:45	70.7	75.1	69.5	79.2	64.4	74.8	5	80
09/03/2015 23:50	68	75.2	65.9	79.2	64.5	72.8	5	80
09/03/2015 23:55	63	71.5	66.8	79.2	64.5	71.6	5	80
