5 Minutes	Lane 1 Flow (Veh/5 Minutes)	Lane 2 Flow (Veh/5 Minutes)	Lane 3 Flow (Veh/5 Minutes)	Lane 4 Flow (Veh/5 Minutes)	Lane 5 Flow (Veh/5 Minutes)	Flow (Veh/5 Minutes)	# Lane Points	% Observed
09/03/2015 00:00	31	33	25	56	8	153	5	80
09/03/2015 00:05	35	46	32	57	6	176	5	80
09/03/2015 00:10	26	29	25	68	5	153	5	80
09/03/2015 00:15	20	35	36	28	5	124	5	80
09/03/2015 00:20	24	34	33	29	5	125	5	80
09/03/2015 00:25	19	30	26	28	4	107	5	80
09/03/2015 00:30	12	28	21	22	6	89	5	80
09/03/2015 00:35	19	35	22	27	2	105	5	80
09/03/2015 00:40	20	27	27	25	4	103	5	80
09/03/2015 00:45	10	21	19	19	5	74	5	80
09/03/2015 00:50	15	19	22	34	2	92	5	80
09/03/2015 00:55	13	24	17	26	2	82	5	80
09/03/2015 01:00	16	24	23	28	3	94	5	80
09/03/2015 01:05	22	18	22	31	3	96	5	80
09/03/2015 01:10	8	11	15	47	4	85	5	80
09/03/2015 01:15	18	19	24	83	2	146	5	80
09/03/2015 01:20	17	21	22	85	3	148	5	80
09/03/2015 01:25	15	18	23	93	0	149	5	80
09/03/2015 01:30	31	12	12	90	1	146	5	80
09/03/2015 01:35	17	22	17	87	3	146	5	80
09/03/2015 01:40	14	11	16	88	3	132	5	80
09/03/2015 01:45	11	14	16	89	0	130	5	80
09/03/2015 01:50	17	23	23	87	2	152	5	80
09/03/2015 01:55	25	10	15	83	3	136	5	80
09/03/2015 02:00	29	15	10	74	4	132	5	80
09/03/2015 02:05	32	23	14	70	3	142	5	80
09/03/2015 02:10	8	10	19	81	1	119	5	80
09/03/2015 02:15	28	14	11	60	3	116	5	80
09/03/2015 02:20	35	12	10	55	2	114	5	80
09/03/2015 02:25	16	12	19	49	1	97	5	80
09/03/2015 02:30	13	15	16	58	0	102	5	80
09/03/2015 02:35	12	15	19	54	2	102	5	80
09/03/2015 02:40	11	15	20	59	1	106	5	80
09/03/2015 02:45	19	15	15	61	0	110	5	80
09/03/2015 02:50	23	12	13	55	0	103	5	80
09/03/2015 02:55	12	20	15	55	0	102	5	80
09/03/2015 03:00	18	14	15	54	2	103	5	80
09/03/2015 03:05	28	13	10	37	0	88	5	80
09/03/2015 03:10	17	13	17	44	2	93	5	80
09/03/2015 03:15	13	12	21	50	1	97	5	80
09/03/2015 03:20	14	21	15	38	0	88	5	80
09/03/2015 03:25	17	25	22	34	0	98	5	80
09/03/2015 03:30	13	16	20	44	0	93	5	80
09/03/2015 03:35	12	16	18	37	1	84	5	80
09/03/2015 03:40	5	16	20	16	3	60	5	80
09/03/2015 03:45	17	28	27	26	2	100	5	80
09/03/2015 03:50	12	22	26	22	2	84	5	80
09/03/2015 03:55	12	26	25	23	1	87	5	80
09/03/2015 04:00	16	18	11	20	0	65	5	80
09/03/2015 04:05	13	14	22	27	3	79	5	80
09/03/2015 04:10	15	24	24	26	2	91	5	80
09/03/2015 04:15	17	25	26	30	1	99	5	80
09/03/2015 04:20	27	36	25	45	2	135	5	80
09/03/2015 04:25	20	30	30	27	0	107	5	80
09/03/2015 04:30	18	27	28	23	7	103	5	80
09/03/2015 04:35	25	41	28	29	2	125	5	80
09/03/2015 04:40	25	39	39	24	1	128	5	80
09/03/2015 04:45	34	51	41	37	5	168	5	80
09/03/2015 04:50	26	46	29	34	1	136	5	80
09/03/2015 04:55	32	42	33	34	3	144	5	80
09/03/2015 05:00	25	51	30	19	5	130	5	80
09/03/2015 05:05	29	50	40	23	6	148	5	80
09/03/2015 05:10	39	66	46	15	6	172	5	80
09/03/2015 05:15	35	78	49	19	2	183	5	80
09/03/2015 05:20	35	78	45	20	3	181	5	80
09/03/2015 05:25	49	76	65	16	6	212	5	80
09/03/2015 05:30	54	86	66	29	9	244	5	80
09/03/2015 05:35	52	99	63	26	8	248	5	80
09/03/2015 05:40	64	92	80	25	7	268	5	80
09/03/2015 05:45	73	125	84	28	12	322	5	80
09/03/2015 05:50	66	134	83	25	9	317	5	80
09/03/2015 05:55	59	121	72	31	9	292	5	80
09/03/2015 06:00	55	102	73	18	5	253	5	80
09/03/2015 06:05	67	118	69	24	15	293	5	80
09/03/2015 06:10	90	136	109	17	11	363	5	80
09/03/2015 06:15	75	150	94	22	11	352	5	80
09/03/2015 06:20	78	143	96	21	9	347	5	80
09/03/2015 06:25	90	159	108	19	9	385	5	80
09/03/2015 06:30	105	158	122	28	10	423	5	80
09/03/2015 06:35	101	151	122	38	12	424	5	80
09/03/2015 06:40	108	171	127	27	11	444	5	80
09/03/2015 06:45	116	164	134	29	12	455	5	80
09/03/2015 06:50	105	151	124	23	12	415	5	80
09/03/2015 06:55	115	152	135	28	12	442	5	80
09/03/2015 07:00	103	149	122	23	16	413	5	80
09/03/2015 07:05	103	146	121	22	21	413	5	80
09/03/2015 07:10	106	162	117	36	14	435	5	80
09/03/2015 07:15	107	166	125	35	22	455	5	80
09/03/2015 07:20	110	154	125	36	24	449	5	80
09/03/2015 07:25	118	174	139	31	16	478	5	80
09/03/2015 07:30	120	175	139	42	19	495	5	80
09/03/2015 07:35	116	159	136	78	20	509	5	80
09/03/2015 07:40	111	162	130	69	22	494	5	80
09/03/2015 07:45	112	155	129	73	19	488	5	80
09/03/2015 07:50	108	160	120	40	25	453	5	80
09/03/2015 07:55	111	151	122	32	24	440	5	80
09/03/2015 08:00	117	158	137	37	16	465	5	80
09/03/2015 08:05	98	153	112	86	18	467	5	80
09/03/2015 08:10	109	153	127	44	22	455	5	80
09/03/2015 08:15	110	151	129	58	20	468	5	80
09/03/2015 08:20	124	160	124	54	32	494	5	80
09/03/2015 08:25	105	155	114	52	23	449	5	80
09/03/2015 08:30	114	159	125	69	24	491	5	80
09/03/2015 08:35	108	153	128	53	16	458	5	80
09/03/2015 08:40	113	147	116	32	26	434	5	80
09/03/2015 08:45	119	161	138	33	25	476	5	80
09/03/2015 08:50	101	152	117	48	17	435	5	80
09/03/2015 08:55	98	148	117	32	18	413	5	80
09/03/2015 09:00	101	145	99	34	27	406	5	80
09/03/2015 09:05	101	129	105	23	23	381	5	80
09/03/2015 09:10	102	130	109	36	24	401	5	80
09/03/2015 09:15	101	145	118	23	20	407	5	80
09/03/2015 09:20	86	136	88	23	19	352	5	80
09/03/2015 09:25	100	135	108	25	29	397	5	80
09/03/2015 09:30	124	150	125	39	36	474	5	80
09/03/2015 09:35	104	139	120	27	21	411	5	80
09/03/2015 09:40	113	139	120	51	36	459	5	80
09/03/2015 09:45	106	143	110	25	23	407	5	80
09/03/2015 09:50	112	140	119	37	35	443	5	80
09/03/2015 09:55	111	128	114	40	29	422	5	80
09/03/2015 10:00	98	138	109	39	21	405	5	80
09/03/2015 10:05	105	128	115	43	23	414	5	80
09/03/2015 10:10	105	118	105	41	26	395	5	80
09/03/2015 10:15	105	142	110	29	27	413	5	80
09/03/2015 10:20	90	121	95	21	26	353	5	80
09/03/2015 10:25	96	131	102	43	25	397	5	80
09/03/2015 10:30	106	148	108	41	26	429	5	80
09/03/2015 10:35	106	142	105	31	46	430	5	80
09/03/2015 10:40	104	148	116	35	23	426	5	80
09/03/2015 10:45	114	142	110	39	32	437	5	80
09/03/2015 10:50	99	137	94	37	43	410	5	80
09/03/2015 10:55	102	134	99	54	29	418	5	80
09/03/2015 11:00	103	121	108	28	31	391	5	80
09/03/2015 11:05	98	144	102	35	36	415	5	80
09/03/2015 11:10	103	135	103	45	32	418	5	80
09/03/2015 11:15	108	144	111	38	28	429	5	80
09/03/2015 11:20	115	147	117	37	30	446	5	80
09/03/2015 11:25	116	153	109	32	30	440	5	80
09/03/2015 11:30	108	146	103	28	36	421	5	80
09/03/2015 11:35	121	145	117	61	43	487	5	80
09/03/2015 11:40	111	159	104	39	43	456	5	80
09/03/2015 11:45	108	142	96	57	35	438	5	80
09/03/2015 11:50	111	128	115	51	34	439	5	80
09/03/2015 11:55	114	132	117	45	36	444	5	80
09/03/2015 12:00	105	134	111	64	38	452	5	80
09/03/2015 12:05	105	119	105	41	31	401	5	80
09/03/2015 12:10	112	157	109	37	35	450	5	80
09/03/2015 12:15	109	137	109	44	37	436	5	80
09/03/2015 12:20	102	121	99	41	41	404	5	80
09/03/2015 12:25	115	131	122	78	26	472	5	80
09/03/2015 12:30	112	124	110	86	43	475	5	80
09/03/2015 12:35	99	125	87	72	32	415	5	80
09/03/2015 12:40	112	129	111	74	29	455	5	80
09/03/2015 12:45	97	124	91	73	27	412	5	80
09/03/2015 12:50	103	129	102	57	41	432	5	80
09/03/2015 12:55	100	129	96	64	30	419	5	80
09/03/2015 13:00	93	120	86	52	38	389	5	80
09/03/2015 13:05	94	128	91	40	36	389	5	80
09/03/2015 13:10	97	127	86	48	38	396	5	80
09/03/2015 13:15	104	123	97	50	42	416	5	80
09/03/2015 13:20	99	123	92	68	34	416	5	80
09/03/2015 13:25	104	135	92	78	32	441	5	80
09/03/2015 13:30	106	119	108	39	30	402	5	80
09/03/2015 13:35	92	118	85	65	43	403	5	80
09/03/2015 13:40	113	137	120	52	33	455	5	80
09/03/2015 13:45	99	124	97	48	36	404	5	80
09/03/2015 13:50	102	136	91	56	38	423	5	80
09/03/2015 13:55	102	120	97	79	35	433	5	80
09/03/2015 14:00	100	124	113	82	35	454	5	80
09/03/2015 14:05	109	135	96	64	37	441	5	80
09/03/2015 14:10	102	113	107	48	35	405	5	80
09/03/2015 14:15	99	132	94	35	43	403	5	80
09/03/2015 14:20	116	139	112	66	39	472	5	80
09/03/2015 14:25	107	132	103	40	36	418	5	80
09/03/2015 14:30	104	137	114	45	23	423	5	80
09/03/2015 14:35	103	126	108	52	28	417	5	80
09/03/2015 14:40	98	121	97	72	31	419	5	80
09/03/2015 14:45	99	119	96	37	26	377	5	80
09/03/2015 14:50	103	124	107	70	24	428	5	80
09/03/2015 14:55	97	121	96	59	37	410	5	80
09/03/2015 15:00	104	139	113	44	25	425	5	80
09/03/2015 15:05	102	130	104	51	32	419	5	80
09/03/2015 15:10	108	128	105	44	36	421	5	80
09/03/2015 15:15	104	124	107	51	28	414	5	80
09/03/2015 15:20	108	129	107	50	24	418	5	80
09/03/2015 15:25	88	126	96	45	19	374	5	80
09/03/2015 15:30	102	117	100	53	31	403	5	80
09/03/2015 15:35	103	122	99	72	31	427	5	80
09/03/2015 15:40	106	130	102	46	28	412	5	80
09/03/2015 15:45	112	131	106	65	31	445	5	80
09/03/2015 15:50	109	139	105	46	29	428	5	80
09/03/2015 15:55	108	129	115	76	28	456	5	80
09/03/2015 16:00	107	118	98	54	27	404	5	80
09/03/2015 16:05	110	133	112	32	35	422	5	80
09/03/2015 16:10	110	126	112	60	34	442	5	80
09/03/2015 16:15	100	119	105	68	33	425	5	80
09/03/2015 16:20	101	112	84	57	40	394	5	80
09/03/2015 16:25	96	122	100	39	28	385	5	80
09/03/2015 16:30	108	120	108	68	36	440	5	80
09/03/2015 16:35	108	120	102	49	37	416	5	80
09/03/2015 16:40	115	135	115	58	38	461	5	80
09/03/2015 16:45	109	121	104	64	37	435	5	80
09/03/2015 16:50	102	123	106	53	38	422	5	80
09/03/2015 16:55	103	123	101	51	37	415	5	80
09/03/2015 17:00	108	124	104	55	36	427	5	80
09/03/2015 17:05	103	119	97	60	37	416	5	80
09/03/2015 17:10	111	128	111	40	42	432	5	80
09/03/2015 17:15	105	123	109	61	48	446	5	80
09/03/2015 17:20	100	118	99	41	33	391	5	80
09/03/2015 17:25	112	120	95	90	31	448	5	80
09/03/2015 17:30	98	111	102	51	31	393	5	80
09/03/2015 17:35	108	119	101	93	43	464	5	80
09/03/2015 17:40	104	115	101	42	32	394	5	80
09/03/2015 17:45	107	126	107	49	35	424	5	80
09/03/2015 17:50	97	124	100	32	37	390	5	80
09/03/2015 17:55	108	128	106	68	34	444	5	80
09/03/2015 18:00	104	129	109	79	41	462	5	80
09/03/2015 18:05	101	127	93	70	50	441	5	80
09/03/2015 18:10	101	129	104	47	39	420	5	80
09/03/2015 18:15	103	124	97	68	39	431	5	80
09/03/2015 18:20	103	127	96	27	28	381	5	80
09/03/2015 18:25	114	125	120	38	32	429	5	80
09/03/2015 18:30	102	130	106	47	24	409	5	80
09/03/2015 18:35	111	137	110	38	32	428	5	80
09/03/2015 18:40	98	120	103	24	22	367	5	80
09/03/2015 18:45	101	121	114	48	30	414	5	80
09/03/2015 18:50	96	131	88	33	29	377	5	80
09/03/2015 18:55	101	125	93	40	27	386	5	80
09/03/2015 19:00	101	132	109	27	24	393	5	80
09/03/2015 19:05	83	114	74	35	29	335	5	80
09/03/2015 19:10	89	125	91	36	33	374	5	80
09/03/2015 19:15	101	135	102	25	32	395	5	80
09/03/2015 19:20	98	133	95	34	25	385	5	80
09/03/2015 19:25	90	121	95	29	25	360	5	80
09/03/2015 19:30	89	117	90	42	29	367	5	80
09/03/2015 19:35	91	126	93	44	32	386	5	80
09/03/2015 19:40	82	102	81	34	22	321	5	80
09/03/2015 19:45	90	117	95	43	32	377	5	80
09/03/2015 19:50	90	115	94	60	23	382	5	80
09/03/2015 19:55	80	103	88	21	33	325	5	80
09/03/2015 20:00	86	117	84	18	25	330	5	80
09/03/2015 20:05	85	123	86	28	27	349	5	80
09/03/2015 20:10	93	131	95	41	26	386	5	80
09/03/2015 20:15	85	107	77	26	31	326	5	80
09/03/2015 20:20	83	117	92	16	17	325	5	80
09/03/2015 20:25	93	115	92	60	25	385	5	80
09/03/2015 20:30	86	126	88	72	24	396	5	80
09/03/2015 20:35	72	96	74	58	21	321	5	80
09/03/2015 20:40	83	132	80	49	19	363	5	80
09/03/2015 20:45	76	109	83	49	19	336	5	80
09/03/2015 20:50	85	110	87	25	26	333	5	80
09/03/2015 20:55	73	101	83	49	21	327	5	80
09/03/2015 21:00	76	109	68	41	20	314	5	80
09/03/2015 21:05	82	98	83	37	30	330	5	80
09/03/2015 21:10	87	100	89	37	22	335	5	80
09/03/2015 21:15	74	101	75	29	27	306	5	80
09/03/2015 21:20	77	100	84	36	27	324	5	80
09/03/2015 21:25	69	92	77	45	26	309	5	80
09/03/2015 21:30	66	92	70	39	24	291	5	80
09/03/2015 21:35	68	89	74	35	24	290	5	80
09/03/2015 21:40	64	87	71	28	17	267	5	80
09/03/2015 21:45	74	91	68	65	23	321	5	80
09/03/2015 21:50	62	71	67	36	19	255	5	80
09/03/2015 21:55	57	78	62	22	24	243	5	80
09/03/2015 22:00	56	86	66	25	14	247	5	80
09/03/2015 22:05	67	81	59	61	29	297	5	80
09/03/2015 22:10	83	83	79	77	22	344	5	80
09/03/2015 22:15	61	79	63	57	16	276	5	80
09/03/2015 22:20	47	64	55	48	14	228	5	80
09/03/2015 22:25	45	62	54	31	9	201	5	80
09/03/2015 22:30	42	62	55	24	16	199	5	80
09/03/2015 22:35	57	74	40	58	16	245	5	80
09/03/2015 22:40	59	62	54	61	15	251	5	80
09/03/2015 22:45	48	54	49	55	10	216	5	80
09/03/2015 22:50	50	66	53	54	10	233	5	80
09/03/2015 22:55	39	59	44	15	8	165	5	80
09/03/2015 23:00	27	47	39	27	10	150	5	80
09/03/2015 23:05	34	46	40	27	10	157	5	80
09/03/2015 23:10	35	49	37	22	14	157	5	80
09/03/2015 23:15	38	51	34	44	13	180	5	80
09/03/2015 23:20	45	60	36	85	5	231	5	80
09/03/2015 23:25	43	49	35	88	7	222	5	80
09/03/2015 23:30	34	47	38	91	2	212	5	80
09/03/2015 23:35	35	34	47	80	7	203	5	80
09/03/2015 23:40	31	36	40	77	4	188	5	80
09/03/2015 23:45	25	26	33	82	8	174	5	80
09/03/2015 23:50	32	32	44	65	4	177	5	80
09/03/2015 23:55	29	32	37	59	3	160	5	80
