5 Minutes	Lane 1 Flow (Veh/5 Minutes)	Lane 2 Flow (Veh/5 Minutes)	Lane 3 Flow (Veh/5 Minutes)	Lane 4 Flow (Veh/5 Minutes)	Lane 5 Flow (Veh/5 Minutes)	Flow (Veh/5 Minutes)	# Lane Points	% Observed
09/02/2015 00:00	12	35	29	27	3	106	5	100
09/02/2015 00:05	11	33	28	51	6	129	5	100
09/02/2015 00:10	18	23	30	88	6	165	5	100
09/02/2015 00:15	13	30	23	77	7	150	5	100
09/02/2015 00:20	11	24	26	81	5	147	5	100
09/02/2015 00:25	9	24	21	90	3	147	5	100
09/02/2015 00:30	6	24	18	72	3	123	5	100
09/02/2015 00:35	10	25	23	66	4	128	5	100
09/02/2015 00:40	10	24	18	57	7	116	5	100
09/02/2015 00:45	10	16	18	58	4	106	5	100
09/02/2015 00:50	6	12	22	63	1	104	5	100
09/02/2015 00:55	8	24	25	65	1	123	5	100
09/02/2015 01:00	4	19	17	46	3	89	5	100
09/02/2015 01:05	4	29	29	59	4	125	5	100
09/02/2015 01:10	9	19	23	46	4	101	5	100
09/02/2015 01:15	6	22	18	60	2	108	5	100
09/02/2015 01:20	3	17	19	61	2	102	5	100
09/02/2015 01:25	3	16	17	69	2	107	5	100
09/02/2015 01:30	3	16	18	81	4	122	5	100
09/02/2015 01:35	9	16	19	53	1	98	5	100
09/02/2015 01:40	4	14	18	56	2	94	5	100
09/02/2015 01:45	3	20	23	62	1	109	5	100
09/02/2015 01:50	41	15	17	74	1	148	5	100
09/02/2015 01:55	28	19	13	64	0	124	5	100
09/02/2015 02:00	50	13	14	56	4	137	5	100
09/02/2015 02:05	22	17	17	56	3	115	5	100
09/02/2015 02:10	18	15	17	72	0	122	5	100
09/02/2015 02:15	26	16	13	85	1	141	5	100
09/02/2015 02:20	16	12	19	79	1	127	5	80
09/02/2015 02:25	30	13	15	81	1	140	5	100
09/02/2015 02:30	49	16	15	80	1	161	5	100
09/02/2015 02:35	80	9	15	78	2	184	5	100
09/02/2015 02:40	53	23	16	72	2	166	5	100
09/02/2015 02:45	30	13	19	83	1	146	5	100
09/02/2015 02:50	10	18	16	93	1	138	5	100
09/02/2015 02:55	25	12	11	77	2	127	5	100
09/02/2015 03:00	23	11	17	79	1	131	5	80
09/02/2015 03:05	16	17	15	84	1	133	5	100
09/02/2015 03:10	26	16	12	74	1	129	5	80
09/02/2015 03:15	17	16	15	81	0	129	5	80
09/02/2015 03:20	50	24	17	68	0	159	5	100
09/02/2015 03:25	27	16	30	87	0	160	5	100
09/02/2015 03:30	20	19	30	71	0	140	5	80
09/02/2015 03:35	12	17	21	77	2	129	5	80
09/02/2015 03:40	30	18	28	53	2	131	5	100
09/02/2015 03:45	40	26	24	53	4	147	5	100
09/02/2015 03:50	56	22	18	45	1	142	5	100
09/02/2015 03:55	27	18	18	56	2	121	5	100
09/02/2015 04:00	45	29	13	63	5	155	5	100
09/02/2015 04:05	22	28	24	52	3	129	5	80
09/02/2015 04:10	21	33	17	64	0	135	5	80
09/02/2015 04:15	20	28	23	43	0	114	5	80
09/02/2015 04:20	10	29	23	53	3	118	5	100
09/02/2015 04:25	15	31	28	61	2	137	5	100
09/02/2015 04:30	9	33	31	59	2	134	5	100
09/02/2015 04:35	26	28	31	67	3	155	5	100
09/02/2015 04:40	40	54	40	55	5	194	5	100
09/02/2015 04:45	33	59	36	45	2	175	5	80
09/02/2015 04:50	31	41	31	62	2	167	5	80
09/02/2015 04:55	51	46	39	45	3	184	5	100
09/02/2015 05:00	50	49	40	29	5	173	5	100
09/02/2015 05:05	24	49	36	28	5	142	5	80
09/02/2015 05:10	28	53	40	27	8	156	5	80
09/02/2015 05:15	40	81	55	21	2	199	5	100
09/02/2015 05:20	41	76	56	27	5	205	5	100
09/02/2015 05:25	46	80	58	24	6	214	5	100
09/02/2015 05:30	56	93	73	27	8	257	5	100
09/02/2015 05:35	48	86	62	34	7	237	5	100
09/02/2015 05:40	78	109	77	33	6	303	5	100
09/02/2015 05:45	86	119	76	43	8	332	5	100
09/02/2015 05:50	72	127	79	48	8	334	5	100
09/02/2015 05:55	87	121	77	66	5	356	5	100
09/02/2015 06:00	66	118	81	33	7	305	5	100
09/02/2015 06:05	76	114	77	37	12	316	5	100
09/02/2015 06:10	90	130	82	53	10	365	5	100
09/02/2015 06:15	96	130	94	59	10	389	5	100
09/02/2015 06:20	148	174	111	34	11	478	5	100
09/02/2015 06:25	139	162	103	33	8	445	5	100
09/02/2015 06:30	141	153	123	22	13	452	5	100
09/02/2015 06:35	157	172	118	34	7	488	5	100
09/02/2015 06:40	152	156	125	26	13	472	5	100
09/02/2015 06:45	169	165	124	32	15	505	5	100
09/02/2015 06:50	153	156	115	63	9	496	5	100
09/02/2015 06:55	145	158	111	78	12	504	5	100
09/02/2015 07:00	136	154	122	71	20	503	5	100
09/02/2015 07:05	128	167	111	68	13	487	5	100
09/02/2015 07:10	144	157	129	60	18	508	5	100
09/02/2015 07:15	153	186	108	24	15	486	5	100
09/02/2015 07:20	143	161	135	30	15	484	5	100
09/02/2015 07:25	164	158	133	29	17	501	5	100
09/02/2015 07:30	178	168	132	30	15	523	5	100
09/02/2015 07:35	169	160	135	63	19	546	5	100
09/02/2015 07:40	169	157	120	44	18	508	5	100
09/02/2015 07:45	171	157	130	68	27	553	5	100
09/02/2015 07:50	128	158	114	39	23	462	5	100
09/02/2015 07:55	70	156	127	52	22	427	5	100
09/02/2015 08:00	124	161	130	72	20	507	5	100
09/02/2015 08:05	30	151	111	83	24	399	5	100
09/02/2015 08:10	117	155	117	57	29	475	5	80
09/02/2015 08:15	102	161	123	34	20	440	5	80
09/02/2015 08:20	144	163	117	47	25	496	5	100
09/02/2015 08:25	159	165	116	35	15	490	5	100
09/02/2015 08:30	124	142	117	45	26	454	5	100
09/02/2015 08:35	135	147	130	50	16	478	5	100
09/02/2015 08:40	142	152	128	23	23	468	5	100
09/02/2015 08:45	135	149	122	60	23	489	5	100
09/02/2015 08:50	141	152	125	29	19	466	5	100
09/02/2015 08:55	131	143	113	38	22	447	5	100
09/02/2015 09:00	94	143	107	28	24	396	5	100
09/02/2015 09:05	120	150	123	33	23	449	5	100
09/02/2015 09:10	103	144	129	30	16	422	5	100
09/02/2015 09:15	101	133	105	34	20	393	5	100
09/02/2015 09:20	116	143	109	41	21	430	5	100
09/02/2015 09:25	98	140	118	31	28	415	5	100
09/02/2015 09:30	102	149	109	50	27	437	5	100
09/02/2015 09:35	119	142	100	40	21	422	5	100
09/02/2015 09:40	136	138	102	30	20	426	5	100
09/02/2015 09:45	121	139	120	29	22	431	5	100
09/02/2015 09:50	122	149	104	42	25	442	5	100
09/02/2015 09:55	103	134	112	28	19	396	5	100
09/02/2015 10:00	113	148	111	18	25	415	5	100
09/02/2015 10:05	102	138	109	31	21	401	5	100
09/02/2015 10:10	107	129	114	32	25	407	5	100
09/02/2015 10:15	84	138	119	33	32	406	5	100
09/02/2015 10:20	107	147	100	35	33	422	5	100
09/02/2015 10:25	98	113	113	44	24	392	5	100
09/02/2015 10:30	91	120	100	39	27	377	5	100
09/02/2015 10:35	88	127	116	31	25	387	5	100
09/02/2015 10:40	98	147	111	44	31	431	5	100
09/02/2015 10:45	106	147	101	24	22	400	5	100
09/02/2015 10:50	96	136	99	37	26	394	5	80
09/02/2015 10:55	99	111	107	35	28	380	5	80
09/02/2015 11:00	111	138	112	24	27	412	5	80
09/02/2015 11:05	86	136	95	18	40	375	5	100
09/02/2015 11:10	105	124	108	28	24	389	5	100
09/02/2015 11:15	109	130	110	40	31	420	5	100
09/02/2015 11:20	105	153	114	34	27	433	5	100
09/02/2015 11:25	117	134	84	43	40	418	5	100
09/02/2015 11:30	97	123	103	27	26	376	5	100
09/02/2015 11:35	100	127	103	39	37	406	5	100
09/02/2015 11:40	116	162	124	36	35	473	5	100
09/02/2015 11:45	87	137	104	26	29	383	5	100
09/02/2015 11:50	103	124	104	35	36	402	5	100
09/02/2015 11:55	115	141	101	59	22	438	5	100
09/02/2015 12:00	70	101	78	60	37	346	5	100
09/02/2015 12:05	80	116	92	33	37	358	5	100
09/02/2015 12:10	100	118	100	78	23	419	5	100
09/02/2015 12:15	103	144	84	23	51	405	5	100
09/02/2015 12:20	129	160	111	69	27	496	5	100
09/02/2015 12:25	149	154	120	63	37	523	5	100
09/02/2015 12:30	164	135	119	61	40	519	5	100
09/02/2015 12:35	138	114	90	61	34	437	5	100
09/02/2015 12:40	157	138	108	53	31	487	5	100
09/02/2015 12:45	152	132	112	36	34	466	5	100
09/02/2015 12:50	154	133	124	59	44	514	5	100
09/02/2015 12:55	143	117	92	82	36	470	5	100
09/02/2015 13:00	150	124	110	70	41	495	5	100
09/02/2015 13:05	147	133	95	36	42	453	5	100
09/02/2015 13:10	140	117	109	58	47	471	5	100
09/02/2015 13:15	138	115	105	49	36	443	5	100
09/02/2015 13:20	145	117	91	54	41	448	5	100
09/02/2015 13:25	144	128	100	54	29	455	5	100
09/02/2015 13:30	152	117	111	35	27	442	5	100
09/02/2015 13:35	140	121	90	68	47	466	5	100
09/02/2015 13:40	157	135	103	70	34	499	5	100
09/02/2015 13:45	136	123	101	58	30	448	5	100
09/02/2015 13:50	150	133	109	43	44	479	5	100
09/02/2015 13:55	144	134	96	58	30	462	5	100
09/02/2015 14:00	148	133	104	37	32	454	5	100
09/02/2015 14:05	145	121	98	50	48	462	5	100
09/02/2015 14:10	98	134	104	53	37	426	5	100
09/02/2015 14:15	103	127	100	66	35	431	5	80
09/02/2015 14:20	35	141	113	67	42	398	5	100
09/02/2015 14:25	30	131	107	42	41	351	5	100
09/02/2015 14:30	142	125	118	35	24	444	5	100
09/02/2015 14:35	136	125	101	56	32	450	5	100
09/02/2015 14:40	148	128	100	71	26	473	5	100
09/02/2015 14:45	136	125	98	86	24	469	5	100
09/02/2015 14:50	140	135	103	87	33	498	5	100
09/02/2015 14:55	135	123	109	57	30	454	5	100
09/02/2015 15:00	149	127	101	60	29	466	5	100
09/02/2015 15:05	143	117	101	60	30	451	5	100
09/02/2015 15:10	70	127	107	63	25	392	5	100
09/02/2015 15:15	10	126	106	85	32	359	5	100
09/02/2015 15:20	101	125	88	61	28	403	5	80
09/02/2015 15:25	104	124	104	81	25	438	5	80
09/02/2015 15:30	139	131	98	48	32	448	5	100
09/02/2015 15:35	129	123	96	96	32	476	5	100
09/02/2015 15:40	144	126	72	63	41	446	5	100
09/02/2015 15:45	150	122	66	87	43	468	5	100
09/02/2015 15:50	113	133	114	81	21	462	5	100
09/02/2015 15:55	95	118	86	56	28	383	5	80
09/02/2015 16:00	130	115	88	78	20	431	5	100
09/02/2015 16:05	133	125	102	93	23	476	5	100
09/02/2015 16:10	142	139	119	66	35	501	5	100
09/02/2015 16:15	144	129	98	48	39	458	5	100
09/02/2015 16:20	129	120	93	53	42	437	5	100
09/02/2015 16:25	138	113	92	53	31	427	5	100
09/02/2015 16:30	135	125	98	53	34	445	5	100
09/02/2015 16:35	134	115	110	59	27	445	5	100
09/02/2015 16:40	141	130	111	68	41	491	5	100
09/02/2015 16:45	133	121	97	59	41	451	5	100
09/02/2015 16:50	135	123	109	45	38	450	5	100
09/02/2015 16:55	131	112	97	47	39	426	5	100
09/02/2015 17:00	114	115	96	51	41	417	5	100
09/02/2015 17:05	137	123	99	69	37	465	5	100
09/02/2015 17:10	105	123	103	45	41	417	5	100
09/02/2015 17:15	50	130	111	88	39	418	5	100
09/02/2015 17:20	58	122	97	49	43	369	5	100
09/02/2015 17:25	30	104	85	44	34	297	5	100
09/02/2015 17:30	91	106	85	68	40	390	5	80
09/02/2015 17:35	55	101	87	77	44	364	5	100
09/02/2015 17:40	99	120	102	77	33	431	5	80
09/02/2015 17:45	104	120	97	56	40	417	5	80
09/02/2015 17:50	117	114	98	41	35	405	5	100
09/02/2015 17:55	129	124	104	59	25	441	5	100
09/02/2015 18:00	133	126	112	27	30	428	5	100
09/02/2015 18:05	141	126	120	27	43	457	5	100
09/02/2015 18:10	134	123	108	28	42	435	5	100
09/02/2015 18:15	119	110	94	43	39	405	5	100
09/02/2015 18:20	113	103	84	45	29	374	5	100
09/02/2015 18:25	133	122	100	45	41	441	5	100
09/02/2015 18:30	120	108	82	59	31	400	5	100
09/02/2015 18:35	138	124	104	59	38	463	5	100
09/02/2015 18:40	138	123	106	59	37	463	5	100
09/02/2015 18:45	143	129	100	41	26	439	5	100
09/02/2015 18:50	127	127	114	51	32	451	5	100
09/02/2015 18:55	133	124	110	33	21	421	5	100
09/02/2015 19:00	101	118	90	34	32	375	5	100
09/02/2015 19:05	90	126	80	14	27	337	5	100
09/02/2015 19:10	100	129	92	30	31	382	5	100
09/02/2015 19:15	107	129	88	39	25	388	5	100
09/02/2015 19:20	84	116	83	36	29	348	5	100
09/02/2015 19:25	10	121	95	12	24	262	5	100
09/02/2015 19:30	55	119	85	37	25	321	5	100
09/02/2015 19:35	92	107	71	44	30	344	5	100
09/02/2015 19:40	43	124	95	20	25	307	5	100
09/02/2015 19:45	90	104	85	39	24	342	5	100
09/02/2015 19:50	98	99	87	22	26	332	5	100
09/02/2015 19:55	92	97	71	20	27	307	5	100
09/02/2015 20:00	97	126	83	22	26	354	5	100
09/02/2015 20:05	92	115	66	25	28	326	5	100
09/02/2015 20:10	88	114	78	16	23	319	5	100
09/02/2015 20:15	50	115	92	8	27	292	5	100
09/02/2015 20:20	10	108	87	14	19	238	5	100
09/02/2015 20:25	73	123	78	56	35	365	5	100
09/02/2015 20:30	10	101	83	12	24	230	5	100
09/02/2015 20:35	37	107	99	36	33	312	5	100
09/02/2015 20:40	30	107	96	37	26	296	5	100
09/02/2015 20:45	81	101	81	43	34	340	5	80
09/02/2015 20:50	77	101	83	17	23	301	5	80
09/02/2015 20:55	76	103	78	42	22	321	5	100
09/02/2015 21:00	82	100	85	25	19	311	5	100
09/02/2015 21:05	92	106	81	59	15	353	5	100
09/02/2015 21:10	86	104	75	36	30	331	5	100
09/02/2015 21:15	96	113	80	51	25	365	5	100
09/02/2015 21:20	87	99	85	59	19	349	5	100
09/02/2015 21:25	62	90	67	62	21	302	5	100
09/02/2015 21:30	58	91	72	61	17	299	5	100
09/02/2015 21:35	65	85	67	54	15	286	5	100
09/02/2015 21:40	52	83	55	56	18	264	5	100
09/02/2015 21:45	66	75	59	36	21	257	5	100
09/02/2015 21:50	54	75	76	54	19	278	5	100
09/02/2015 21:55	70	77	67	46	11	271	5	100
09/02/2015 22:00	51	79	76	49	15	270	5	100
09/02/2015 22:05	44	64	45	47	15	215	5	100
09/02/2015 22:10	61	77	68	24	16	246	5	100
09/02/2015 22:15	45	78	59	27	20	229	5	100
09/02/2015 22:20	49	86	46	30	23	234	5	100
09/02/2015 22:25	47	60	48	33	13	201	5	100
09/02/2015 22:30	31	64	55	65	10	225	5	100
09/02/2015 22:35	37	60	47	70	8	222	5	100
09/02/2015 22:40	38	62	47	28	13	188	5	100
09/02/2015 22:45	35	68	43	44	15	205	5	100
09/02/2015 22:50	27	54	61	59	8	209	5	100
09/02/2015 22:55	31	50	49	28	9	167	5	100
09/02/2015 23:00	22	39	47	31	2	141	5	100
09/02/2015 23:05	27	49	44	23	13	156	5	100
09/02/2015 23:10	26	59	49	27	7	168	5	100
09/02/2015 23:15	19	42	37	24	5	127	5	100
09/02/2015 23:20	20	52	43	27	7	149	5	100
09/02/2015 23:25	16	52	41	31	4	144	5	100
09/02/2015 23:30	16	35	40	24	3	118	5	100
09/02/2015 23:35	20	31	26	25	7	109	5	100
09/02/2015 23:40	21	44	34	33	6	138	5	100
09/02/2015 23:45	17	34	28	53	5	137	5	100
09/02/2015 23:50	12	35	38	69	4	158	5	100
09/02/2015 23:55	16	28	21	64	2	131	5	100
