5 Minutes	Lane 1 Speed (mph)	Lane 2 Speed (mph)	Lane 3 Speed (mph)	Lane 4 Speed (mph)	Lane 5 Speed (mph)	Speed (mph)	# Lane Points	% Observed
09/02/2015 00:00	76.5	74	72	69.2	64.5	72.2	5	100
09/02/2015 00:05	76.7	74.4	69.9	58.2	64.5	66.8	5	100
09/02/2015 00:10	76.5	74.4	68.2	71	64.5	71.3	5	100
09/02/2015 00:15	76.3	74.7	62.5	78.3	64.5	74.3	5	100
09/02/2015 00:20	76.2	73.7	68.3	78.8	64.6	75.4	5	100
09/02/2015 00:25	76.1	74.1	67.8	79.2	64.6	76.3	5	100
09/02/2015 00:30	76.2	73.2	71.7	79.2	64.6	76.4	5	100
09/02/2015 00:35	76.1	73.5	65.2	76.4	64.5	73.4	5	100
09/02/2015 00:40	76.4	71.7	68.1	79.2	64.5	74.8	5	100
09/02/2015 00:45	76.5	73	69.4	79.2	64.6	75.8	5	100
09/02/2015 00:50	76.7	73.2	64.1	79.2	64.7	75	5	100
09/02/2015 00:55	76.4	73.9	65.1	69.1	64.7	69.7	5	100
09/02/2015 01:00	76.5	73.9	69.1	79.2	64.6	75.5	5	100
09/02/2015 01:05	76.5	72.3	63.8	79.2	64.5	73.5	5	100
09/02/2015 01:10	76.4	73.6	72.7	58.2	64.4	66.3	5	100
09/02/2015 01:15	76.5	73.9	74.7	79.2	64.4	76.9	5	100
09/02/2015 01:20	76.6	73.6	75.3	79.2	64.4	77.2	5	100
09/02/2015 01:25	76.3	74.1	75.4	79.2	64.4	77.5	5	100
09/02/2015 01:30	76.6	74.4	69.4	79.2	64.5	76.6	5	100
09/02/2015 01:35	39.8	74.4	70.6	79.2	64.6	73	5	100
09/02/2015 01:40	22.9	73.4	70.1	79.2	64.5	73.9	5	100
09/02/2015 01:45	49.8	72	63.4	79.2	64.6	73.6	5	100
09/02/2015 01:50	31	73.2	62	79.2	64.6	63.2	5	100
09/02/2015 01:55	16.5	73	64.7	79.2	64.6	62.6	5	100
09/02/2015 02:00	9.4	73.6	68.7	79.2	64.5	51.7	5	100
09/02/2015 02:05	5.8	73.8	70.5	79.2	64.5	62.7	5	100
09/02/2015 02:10	3.4	74.2	71.8	79.2	64.5	66.4	5	100
09/02/2015 02:15	3	74.4	71.2	79.2	64.5	63.8	5	100
09/02/2015 02:20	67.5	73.5	65.5	79.2	64.5	75	5	80
09/02/2015 02:25	76.5	73.6	66.3	79.2	64.5	76.6	5	100
09/02/2015 02:30	40	73.4	69	79.2	64.5	65.7	5	100
09/02/2015 02:35	22.2	73.9	73	79.2	64.4	53.5	5	100
09/02/2015 02:40	15	73.2	65.9	79.2	64.4	56.4	5	100
09/02/2015 02:45	8.2	73.6	62.5	79.2	64.5	61.8	5	100
09/02/2015 02:50	5.7	73.8	62.8	79.2	64.5	71.2	5	100
09/02/2015 02:55	5.6	73.9	60.8	79.2	64.4	62.4	5	100
09/02/2015 03:00	65	74	68.4	79.2	64.6	74.8	5	80
09/02/2015 03:05	76.5	73.9	71.8	79.2	64.7	77.3	5	100
09/02/2015 03:10	67.5	73.5	71.6	79.2	64.7	75.3	5	80
09/02/2015 03:15	64.7	73.5	67.6	79.2	64.7	75.2	5	80
09/02/2015 03:20	76.5	74.1	68.7	79.2	64.7	76.5	5	100
09/02/2015 03:25	38.9	74	70.1	79.2	64.7	70.2	5	100
09/02/2015 03:30	70	74.1	75.4	79.2	64.7	76.4	5	80
09/02/2015 03:35	70.3	74.1	70	79.2	64.5	76	5	80
09/02/2015 03:40	76.5	74	70.1	79.2	64.5	75.7	5	100
09/02/2015 03:45	39.2	74.6	74	79.2	64.6	66.3	5	100
09/02/2015 03:50	21.1	73.8	74.1	79.2	64.7	54.7	5	100
09/02/2015 03:55	11.2	74	69.7	79.2	64.6	61.6	5	100
09/02/2015 04:00	6.8	74.2	70.5	79.2	64.6	56	5	100
09/02/2015 04:05	62	73.1	64.9	79.2	64.5	71.9	5	80
09/02/2015 04:10	62.1	69.7	65.3	79.2	64.5	72.5	5	80
09/02/2015 04:15	64.3	72.5	68.1	79.2	64.5	72.7	5	80
09/02/2015 04:20	76.5	73.4	67.1	79.2	64.5	74.8	5	100
09/02/2015 04:25	76.3	72.9	67.2	79.2	64.4	74.8	5	100
09/02/2015 04:30	76.5	72.2	71.8	79.2	64.4	75.4	5	100
09/02/2015 04:35	41.2	71.9	72	79.2	64.5	69.8	5	100
09/02/2015 04:40	21.5	73.6	66.5	79.2	64.6	62.7	5	100
09/02/2015 04:45	67.8	73.6	72.5	79.2	64.5	73.6	5	80
09/02/2015 04:50	66.1	72.8	68.5	79.2	64.5	73	5	80
09/02/2015 04:55	3	71.7	72	79.2	64.5	54.4	5	100
09/02/2015 05:00	3	72.3	69.6	46.7	64.6	47.1	5	100
09/02/2015 05:05	62.1	73.5	69.2	33.1	64.5	62.2	5	80
09/02/2015 05:10	61.8	73.3	69.6	27.1	64.5	61.8	5	80
09/02/2015 05:15	76.5	74.1	62.6	24.2	64.5	66	5	100
09/02/2015 05:20	75	74.4	63.7	27.7	64.5	65.2	5	100
09/02/2015 05:25	73.8	75.6	68	21	64.5	66.7	5	100
09/02/2015 05:30	70.8	74.8	69.2	24.4	64.5	66.7	5	100
09/02/2015 05:35	70.8	74.4	70.9	79.2	64.5	73.2	5	100
09/02/2015 05:40	71.9	73.8	75.1	79.2	64.5	74	5	100
09/02/2015 05:45	71.8	73.8	75.2	79.2	64.5	74.1	5	100
09/02/2015 05:50	71.4	74	71.3	79.2	64.5	73.3	5	100
09/02/2015 05:55	71	71.7	70.1	79.2	64.4	72.5	5	100
09/02/2015 06:00	68.2	69.7	66.3	55.9	63	66.8	5	100
09/02/2015 06:05	70.4	69.4	66.5	39.8	63.8	65.3	5	100
09/02/2015 06:10	69.4	70.4	61.3	68.1	64.2	67.6	5	100
09/02/2015 06:15	69.4	71.8	66.7	73.5	64.4	70	5	100
09/02/2015 06:20	69.1	69.5	69.6	59.1	64.5	68.5	5	100
09/02/2015 06:25	67.1	69.9	69.9	37.8	64.5	66.5	5	100
09/02/2015 06:30	66.4	70.2	71.5	25.9	64.6	67.1	5	100
09/02/2015 06:35	67.6	70.4	70.6	21.8	64.7	66.1	5	100
09/02/2015 06:40	66.1	69.3	73.2	24.5	64.6	66.7	5	100
09/02/2015 06:45	66.5	70.2	73.6	26.3	64.5	66.8	5	100
09/02/2015 06:50	67.3	70.3	70.8	70.1	64.5	69.4	5	100
09/02/2015 06:55	66.6	69.6	69.9	79.2	64.5	70.2	5	100
09/02/2015 07:00	67.1	69.8	74.1	79.2	64.4	71.2	5	100
09/02/2015 07:05	67.1	70.5	74.3	79.2	64.5	71.5	5	100
09/02/2015 07:10	68.5	68.1	74.4	65.4	64.5	69.4	5	100
09/02/2015 07:15	68	69.5	75.2	38.2	64.6	68.6	5	100
09/02/2015 07:20	67.7	69	74.4	49.2	64.5	68.8	5	100
09/02/2015 07:25	66.8	69.3	74.3	38.8	64.5	67.9	5	100
09/02/2015 07:30	65.6	67.1	72.6	25.6	64.6	65.5	5	100
09/02/2015 07:35	65.4	65.8	73.5	26.9	64.5	63	5	100
09/02/2015 07:40	65.3	66.5	68.3	22.6	64.5	62.7	5	100
09/02/2015 07:45	62.7	66.7	67.4	28.3	64.4	60.8	5	100
09/02/2015 07:50	37.5	63.9	68.1	33.7	64.5	55.1	5	100
09/02/2015 07:55	22.1	66.8	68.9	41.8	64.5	56.9	5	100
09/02/2015 08:00	18.5	64.9	67.6	47.6	64.4	51.8	5	100
09/02/2015 08:05	10	63.1	69.5	53.9	64.5	59.1	5	100
09/02/2015 08:10	59.6	64.6	73.5	39.9	64.4	62.6	5	80
09/02/2015 08:15	61.7	66.8	75.4	29.5	64.4	65	5	80
09/02/2015 08:20	26.2	68.1	72.2	26.7	64.4	52.8	5	100
09/02/2015 08:25	43.7	67.7	67.8	27.9	64.5	57	5	100
09/02/2015 08:30	52.4	65.6	67.9	21.1	64.5	58.1	5	100
09/02/2015 08:35	57	65.7	68.3	26.3	64.5	59.8	5	100
09/02/2015 08:40	58.7	66	65.2	18.8	64.6	61.2	5	100
09/02/2015 08:45	61.7	67.2	67.6	31.7	64.5	61.3	5	100
09/02/2015 08:50	63.9	67	63.5	24.2	64.5	62.4	5	100
09/02/2015 08:55	64.9	66.4	63.6	19.9	64.5	61.2	5	100
09/02/2015 09:00	62.8	65.4	63.5	21.7	64.5	61.1	5	100
09/02/2015 09:05	62.6	65.8	64.4	18.2	64.4	61	5	100
09/02/2015 09:10	64.2	66.5	69.2	18.7	64.4	63.3	5	100
09/02/2015 09:15	63.1	64.8	63	16.9	64.4	59.7	5	100
09/02/2015 09:20	63.5	65.3	66.1	23.8	64.4	61	5	100
09/02/2015 09:25	62.9	67.1	66	30.2	64.4	62.9	5	100
09/02/2015 09:30	61.5	66.5	64.3	23.3	64.4	59.7	5	100
09/02/2015 09:35	61.8	65.8	64.5	16.3	64.4	59.6	5	100
09/02/2015 09:40	61.7	64.8	59.2	18.3	64.3	59.2	5	100
09/02/2015 09:45	62.7	65.2	60.4	20.5	64.4	60.1	5	100
09/02/2015 09:50	61.9	66	61	23.1	64.4	59.5	5	100
09/02/2015 09:55	62.7	66.1	59.7	20.6	64.4	60.1	5	100
09/02/2015 10:00	62.4	65.5	57.9	18.1	64.5	60.5	5	100
09/02/2015 10:05	62.5	65.9	56.4	21.1	64.5	58.9	5	100
09/02/2015 10:10	62.3	68.3	57	23.7	64.5	59.8	5	100
09/02/2015 10:15	37.9	67.1	58	24.7	64.4	54.7	5	100
09/02/2015 10:20	49.9	67.3	56.9	20	64.4	56.3	5	100
09/02/2015 10:25	55.2	68.3	61.6	23.1	64.5	57.8	5	100
09/02/2015 10:30	58.9	66.7	58.2	30	64.6	58.6	5	100
09/02/2015 10:35	61	67.2	59.3	20.1	64.6	59.5	5	100
09/02/2015 10:40	61.6	64.2	56.5	18.9	35.4	54.9	5	100
09/02/2015 10:45	40.1	65.9	57.8	25.5	49.9	53.7	5	100
09/02/2015 10:50	53.1	65.8	57.3	21	57.3	55.8	5	80
09/02/2015 10:55	56	66.5	60.1	27.4	60.9	57.9	5	80
09/02/2015 11:00	57.1	68.3	59.6	22.9	62.6	59.9	5	80
09/02/2015 11:05	27.6	65.8	60.3	38.5	63.5	54.1	5	100
09/02/2015 11:10	46.2	68.1	62.9	36.1	64	58.2	5	100
09/02/2015 11:15	52.7	67.8	62.4	48.4	64.2	60.4	5	100
09/02/2015 11:20	56.7	67.4	59.1	32	64.4	59.7	5	100
09/02/2015 11:25	58.7	65.3	58.5	28.5	64.6	58.2	5	100
09/02/2015 11:30	60.5	68.3	63	31.2	64.6	61.9	5	100
09/02/2015 11:35	61.2	68.5	66.2	30.9	64.5	62.1	5	100
09/02/2015 11:40	59.2	67.9	64	30.2	64.5	61.6	5	100
09/02/2015 11:45	60.9	69.2	63.8	20.6	64.5	62.2	5	100
09/02/2015 11:50	61	70.2	64.7	22.8	64.5	61.8	5	100
09/02/2015 11:55	61.2	67.9	61.5	39.5	64.5	60.7	5	100
09/02/2015 12:00	61.4	66.6	61.7	60.7	64.4	63.2	5	100
09/02/2015 12:05	61.6	64	60.5	67.4	64.4	62.9	5	100
09/02/2015 12:10	61.7	64.1	63.5	65.2	64.4	63.6	5	100
09/02/2015 12:15	61.7	64.7	58.1	44.1	64.3	61.3	5	100
09/02/2015 12:20	60.6	64.6	58.4	49.5	64.4	60.1	5	100
09/02/2015 12:25	54.7	55.3	53.2	45.7	64.4	54.1	5	100
09/02/2015 12:30	43.7	41.5	40	44.9	64.4	44	5	100
09/02/2015 12:35	32.4	31.8	27.8	54.8	64.3	36.9	5	100
09/02/2015 12:40	28.7	28.7	26.3	50.5	64.3	32.8	5	100
09/02/2015 12:45	27.4	25.6	26.1	44.8	64.3	30.6	5	100
09/02/2015 12:50	28.2	26.2	28.9	41.6	64.4	32.5	5	100
09/02/2015 12:55	26.4	23.9	23.2	48.5	64.4	31.9	5	100
09/02/2015 13:00	24.1	23.1	22.6	49.5	64.4	30.4	5	100
09/02/2015 13:05	22.8	24.6	21.2	43.3	64.4	28.5	5	100
09/02/2015 13:10	22.2	22.4	23.6	42.3	64.3	29.2	5	100
09/02/2015 13:15	21	20.1	24.9	45.2	64.2	27.9	5	100
09/02/2015 13:20	21.3	20.7	20.7	42.9	64.3	27.6	5	100
09/02/2015 13:25	24.5	24	25.5	45.2	64.4	29.6	5	100
09/02/2015 13:30	27.6	26.5	27.4	49.9	64.4	31.3	5	100
09/02/2015 13:35	24.3	23.3	22.8	47	64.4	31.1	5	100
09/02/2015 13:40	25.1	23.4	24.8	46.2	64.2	30.2	5	100
09/02/2015 13:45	24	23.5	24.2	45.1	64.3	29.3	5	100
09/02/2015 13:50	23.8	23.2	24.4	47.7	64.4	29.6	5	100
09/02/2015 13:55	23	23.6	23	43.2	64.5	28.4	5	100
09/02/2015 14:00	22.4	22.7	23.2	40.6	64.5	27.1	5	100
09/02/2015 14:05	23.3	22	21.7	32.2	64.7	27.9	5	100
09/02/2015 14:10	15.8	21.6	23.1	35.3	64.6	26.1	5	100
09/02/2015 14:15	29.1	21.8	22.5	41.7	64.5	30.2	5	80
09/02/2015 14:20	76.5	22.7	23.9	53.1	64.4	37.3	5	100
09/02/2015 14:25	38.9	21.6	24.1	47.7	64.5	32	5	100
09/02/2015 14:30	28.5	20.9	26.4	42.9	62.7	28.8	5	100
09/02/2015 14:35	23.2	20.7	23.6	42.1	63.8	27.8	5	100
09/02/2015 14:40	23.3	22.1	21.9	35.8	64.2	26.8	5	100
09/02/2015 14:45	21.2	21	20.3	33.1	64.4	25.4	5	100
09/02/2015 14:50	20.5	21.5	20	42.9	64.5	27.5	5	100
09/02/2015 14:55	19.9	20.9	20.1	40	64.5	25.7	5	100
09/02/2015 15:00	21.1	20.8	19.9	37.6	64.5	25.6	5	100
09/02/2015 15:05	19.5	19.3	21.8	33	64.5	24.8	5	100
09/02/2015 15:10	11.8	20.1	24.5	44.8	64.6	26.6	5	100
09/02/2015 15:15	6.1	20.2	25.9	45.5	64.6	31.4	5	100
09/02/2015 15:20	28.8	21.6	20.8	42.8	64.7	29.4	5	80
09/02/2015 15:25	31.8	21.6	19.7	49.7	64.7	31.2	5	80
09/02/2015 15:30	18.2	22	19.7	48.2	64.7	26.2	5	100
09/02/2015 15:35	17.8	21.2	20	46	64.6	28	5	100
09/02/2015 15:40	19.7	20.2	15.9	38.3	64.6	26	5	100
09/02/2015 15:45	20.3	18.5	15.7	41.2	64.7	27.1	5	100
09/02/2015 15:50	15.8	19.4	19.4	43.7	64.7	24.8	5	100
09/02/2015 15:55	31	18.8	18.6	49.2	64.4	29.6	5	80
09/02/2015 16:00	16.4	17.1	17.3	46.5	64.6	24.5	5	100
09/02/2015 16:05	17.2	16.7	19.9	52.2	64.6	26.8	5	100
09/02/2015 16:10	17.9	20.3	24.5	48.4	64.6	27.4	5	100
09/02/2015 16:15	19.8	21.2	21.5	41	64.7	26.6	5	100
09/02/2015 16:20	19	18.8	20.5	33.5	64.4	25.4	5	100
09/02/2015 16:25	19.3	19.5	18	39.8	64.5	24.9	5	100
09/02/2015 16:30	19.6	20.5	20.4	37.9	64.6	25.6	5	100
09/02/2015 16:35	18.4	18.6	22.5	34.3	64.6	24.4	5	100
09/02/2015 16:40	18.6	19.1	24.6	46.4	64.6	27.8	5	100
09/02/2015 16:45	18.2	18.9	21.6	41.7	64.8	26.4	5	100
09/02/2015 16:50	18.3	19.3	22.9	36.2	64.6	25.4	5	100
09/02/2015 16:55	18.6	18.3	22	38	64.6	25.6	5	100
09/02/2015 17:00	16.4	16.9	21.8	39	64.5	25.3	5	100
09/02/2015 17:05	17.4	18.2	22.1	33.6	64.5	24.8	5	100
09/02/2015 17:10	13.6	18.5	22.6	44	64.4	25.5	5	100
09/02/2015 17:15	8	19.2	23.7	52.6	64.5	30.3	5	100
09/02/2015 17:20	5.6	19.8	21.2	44.4	64.4	26.4	5	100
09/02/2015 17:25	3.5	17.1	17.4	43.1	64.5	25.1	5	100
09/02/2015 17:30	12.8	15.8	16.4	44.7	64.4	25.2	5	80
09/02/2015 17:35	3.3	14	16	43.5	64.3	25.2	5	100
09/02/2015 17:40	17.3	15.5	20	39.6	64.5	25	5	80
09/02/2015 17:45	17.3	15.9	19.8	40	64.6	25.1	5	80
09/02/2015 17:50	14.3	16.6	20.3	41.7	64.3	23.5	5	100
09/02/2015 17:55	16	17.8	21.6	47.4	64.4	24.8	5	100
09/02/2015 18:00	17.7	18.1	25.7	37.1	64.5	24.4	5	100
09/02/2015 18:05	18.8	18.6	26.5	38	64.4	26.2	5	100
09/02/2015 18:10	19.1	19.6	25.9	42.6	64.4	26.8	5	100
09/02/2015 18:15	17.1	18	22.8	39.7	64.5	25.6	5	100
09/02/2015 18:20	15.5	15.3	18.9	38.8	64.5	22.8	5	100
09/02/2015 18:25	16.8	17.1	19.5	32.5	64.4	23.5	5	100
09/02/2015 18:30	17	17	17.1	31.7	64.4	22.9	5	100
09/02/2015 18:35	18.6	18.5	19.1	37.9	64.4	24.9	5	100
09/02/2015 18:40	18.9	18.5	21.7	34.7	64.5	25.1	5	100
09/02/2015 18:45	19.5	20	25.3	32.2	64.5	24.8	5	100
09/02/2015 18:50	19.9	20.7	28.7	34.2	64.6	27.1	5	100
09/02/2015 18:55	20.3	22.3	30.7	39.6	64.6	27.3	5	100
09/02/2015 19:00	30.2	31.2	38.8	29	64.6	35.4	5	100
09/02/2015 19:05	47.6	49.9	52.1	30.2	64.5	50.2	5	100
09/02/2015 19:10	57.8	60.3	62.3	19.2	64.4	57.2	5	100
09/02/2015 19:15	59.7	65.9	64.5	16.2	64.5	58.8	5	100
09/02/2015 19:20	39.4	70.3	66.6	22.3	64.5	56.5	5	100
09/02/2015 19:25	19.9	70.9	71	26.3	64.5	66.4	5	100
09/02/2015 19:30	11.6	68.6	66.1	21.7	64.5	52.4	5	100
09/02/2015 19:35	22.7	67.4	60.4	19.1	64.6	47.6	5	100
09/02/2015 19:40	12.5	67.2	69.9	23.6	64.6	57.3	5	100
09/02/2015 19:45	17.8	68.6	73.1	32.3	64.5	51.9	5	100
09/02/2015 19:50	41.7	66.9	71.6	22.7	64.6	57.6	5	100
09/02/2015 19:55	50.8	66.6	65.7	15.7	64.6	58.2	5	100
09/02/2015 20:00	55.7	67.8	67	11.9	64.5	60.6	5	100
09/02/2015 20:05	57.6	68.3	66.7	14.6	64.5	60.5	5	100
09/02/2015 20:10	57.1	65.6	65.8	11.7	64.6	60.5	5	100
09/02/2015 20:15	30.5	67.4	67.4	40.2	64.5	60.1	5	100
09/02/2015 20:20	15.5	68.7	70.2	51.2	64.5	65.6	5	100
09/02/2015 20:25	9.8	69.6	75.1	60.4	64.6	56.9	5	100
09/02/2015 20:30	5.1	70.1	72.9	51.7	64.6	66.8	5	100
09/02/2015 20:35	3.4	69.5	72.1	29.9	64.5	57.4	5	100
09/02/2015 20:40	3	67.8	71.1	38.9	64.5	58.4	5	100
09/02/2015 20:45	61.4	69.8	68.7	28.4	64.5	61.8	5	80
09/02/2015 20:50	62.7	70.1	70.7	22.3	64.4	65.2	5	80
09/02/2015 20:55	22.5	72.1	71.8	54.8	64.5	57.5	5	100
09/02/2015 21:00	45.8	74	69.5	40.6	64.5	62.1	5	100
09/02/2015 21:05	60.7	72.9	70.9	62.7	64.5	67.2	5	100
09/02/2015 21:10	66.8	72.6	67.9	51.7	64.4	67	5	100
09/02/2015 21:15	69.8	73.6	69	50.6	64.4	67.7	5	100
09/02/2015 21:20	70.6	73.6	73.4	79.2	64.5	73.3	5	100
09/02/2015 21:25	72.1	73.6	73	74.5	64.5	72.7	5	100
09/02/2015 21:30	72.6	73.5	72.7	79.2	64.5	73.8	5	100
09/02/2015 21:35	75.1	73.7	71.6	79.2	64.5	74.1	5	100
09/02/2015 21:40	74.8	74.7	71.8	79.2	64.5	74.4	5	100
09/02/2015 21:45	74	76.1	74.9	68.7	64.5	73.3	5	100
09/02/2015 21:50	73	75.3	70.2	79.2	64.5	73.5	5	100
09/02/2015 21:55	74.1	72.7	69.5	79.2	64.5	73	5	100
09/02/2015 22:00	72.7	70.7	68.5	79.2	64.5	71.7	5	100
09/02/2015 22:05	72.3	73.6	66.2	79.2	64.5	72.4	5	100
09/02/2015 22:10	71.9	71.8	73.9	56.9	64.4	70.5	5	100
09/02/2015 22:15	71.7	74.4	65.9	46.2	64.4	67.5	5	100
09/02/2015 22:20	74.1	73	60.8	39.7	64.4	65.7	5	100
09/02/2015 22:25	73.5	71.3	61.9	33.9	64.4	63	5	100
09/02/2015 22:30	74.9	75.2	63.3	71.1	64.4	70.6	5	100
09/02/2015 22:35	76.6	73.6	64.9	79.2	64.5	73.7	5	100
09/02/2015 22:40	77.4	75.4	72	59.1	64.5	71.8	5	100
09/02/2015 22:45	76.4	70.2	72.9	59.4	64.6	69.1	5	100
09/02/2015 22:50	76.9	73	75.5	79.2	64.6	75.7	5	100
09/02/2015 22:55	77.1	71.7	70.7	55.7	64.6	69.3	5	100
09/02/2015 23:00	76.4	73.4	78.1	48.4	64.5	69.8	5	100
09/02/2015 23:05	76.8	73.4	76.5	33.7	64.4	68.3	5	100
09/02/2015 23:10	77.5	75	71.3	45.3	64.4	69.1	5	100
09/02/2015 23:15	77.1	75.9	76.3	35.5	64.5	68.1	5	100
09/02/2015 23:20	76.5	77.2	67.9	35.9	64.5	66.3	5	100
09/02/2015 23:25	76.6	76.4	71.1	37.8	64.5	66.3	5	100
09/02/2015 23:30	76.4	76.3	78.8	33	64.5	68.1	5	100
09/02/2015 23:35	76.8	75.9	72.8	25.9	64.5	63.1	5	100
09/02/2015 23:40	77	72	66.1	53.7	64.5	66.6	5	100
09/02/2015 23:45	76.8	71.5	72.7	79.2	64.5	75.1	5	100
09/02/2015 23:50	76.9	71	71.7	79.2	64.5	75	5	100
09/02/2015 23:55	76.7	73.2	73.8	79.2	64.5	76.5	5	100
