5 Minutes	Lane 1 Truck Prop (%)	Lane 2 Truck Prop (%)	Lane 3 Truck Prop (%)	Lane 4 Truck Prop (%)	Lane 5 Truck Prop (%)	Truck Prop (%)	# Lane Points	% Observed
09/02/2015 00:00	0	0	48.3	48.1	0	25.5	5	100
09/02/2015 00:05	0	0	32.1	49	0	26.4	5	100
09/02/2015 00:10	0	0	30	50	0	32.1	5	100
09/02/2015 00:15	0	0	47.8	49.4	0	32.7	5	100
09/02/2015 00:20	0	0	15.4	49.4	0	29.9	5	100
09/02/2015 00:25	0	0	33.3	50	0	35.4	5	100
09/02/2015 00:30	0	0	5.6	44.4	0	26.8	5	100
09/02/2015 00:35	0	0	39.1	50	0	32.8	5	100
09/02/2015 00:40	0	0	11.1	36.8	0	19.8	5	100
09/02/2015 00:45	0	0	27.8	50	0	32.1	5	100
09/02/2015 00:50	0	0	36.4	47.6	0	36.5	5	100
09/02/2015 00:55	0	0	36	49.2	0	33.3	5	100
09/02/2015 01:00	0	0	23.5	50	0	30.3	5	100
09/02/2015 01:05	0	0	34.5	47.5	0	30.4	5	100
09/02/2015 01:10	0	0	13	50	0	25.7	5	100
09/02/2015 01:15	0	0	11.1	50	0	29.6	5	100
09/02/2015 01:20	0	0	10.5	36.1	0	23.5	5	100
09/02/2015 01:25	0	0	17.6	36.2	0	26.2	5	100
09/02/2015 01:30	0	0	50	49.4	0	40.2	5	100
09/02/2015 01:35	0	0	31.6	49.1	0	32.7	5	100
09/02/2015 01:40	0	0	16.7	32.1	0	22.3	5	100
09/02/2015 01:45	0	0	30.4	14.5	0	14.7	5	100
09/02/2015 01:50	0	0	47.1	33.8	0	22.3	5	100
09/02/2015 01:55	0	0	30.8	42.2	0	25	5	100
09/02/2015 02:00	0	0	28.6	30.4	0	15.3	5	100
09/02/2015 02:05	0	0	29.4	50	0	28.7	5	100
09/02/2015 02:10	0	0	29.4	30.6	0	22.1	5	100
09/02/2015 02:15	0	0	38.5	38.8	0	27	5	100
09/02/2015 02:20	0	0	31.6	15.2	0	14.2	5	80
09/02/2015 02:25	0	0	40	21	0	16.4	5	100
09/02/2015 02:30	0	0	20	31.3	0	17.4	5	100
09/02/2015 02:35	0	0	6.7	32.1	0	14.1	5	100
09/02/2015 02:40	0	0	43.8	26.4	0	15.7	5	100
09/02/2015 02:45	0	0	47.4	19.3	0	17.1	5	100
09/02/2015 02:50	0	0	50	44.1	0	35.5	5	100
09/02/2015 02:55	0	0	45.5	22.1	0	17.3	5	100
09/02/2015 03:00	0	0	17.6	49.4	0	32.1	5	80
09/02/2015 03:05	0	0	13.3	29.8	0	20.3	5	100
09/02/2015 03:10	0	0	25	29.7	0	19.4	5	80
09/02/2015 03:15	0	0	46.7	25.9	0	21.7	5	80
09/02/2015 03:20	0	0	41.2	42.6	0	22.6	5	100
09/02/2015 03:25	0	0	30	31	0	22.5	5	100
09/02/2015 03:30	0	0	23.3	23.9	0	17.1	5	80
09/02/2015 03:35	0	0	42.9	20.8	0	19.4	5	80
09/02/2015 03:40	0	0	32.1	26.4	0	17.6	5	100
09/02/2015 03:45	0	0	29.2	47.2	0	21.8	5	100
09/02/2015 03:50	0	0	22.2	26.7	0	11.3	5	100
09/02/2015 03:55	0	0	44.4	50	0	29.8	5	100
09/02/2015 04:00	0	0	30.8	38.1	0	18.1	5	100
09/02/2015 04:05	0	0	37.5	42.3	0	24	5	80
09/02/2015 04:10	0	0	23.5	15.6	0	10.4	5	80
09/02/2015 04:15	0	0	34.8	46.5	0	24.6	5	80
09/02/2015 04:20	0	0	34.8	49.1	0	28.8	5	100
09/02/2015 04:25	0	0	28.6	29.5	0	19	5	100
09/02/2015 04:30	0	0	19.4	18.6	0	12.7	5	100
09/02/2015 04:35	0	0	22.6	31.3	0	18.1	5	100
09/02/2015 04:40	0	0	42.5	18.2	0	13.9	5	100
09/02/2015 04:45	0	0	22.2	24.4	0	10.9	5	80
09/02/2015 04:50	0	0	32.3	21	0	13.8	5	80
09/02/2015 04:55	0	0	20.5	48.9	0	16.3	5	100
09/02/2015 05:00	0	0	27.5	48.3	0	14.5	5	100
09/02/2015 05:05	0	0	27.8	50	0	16.9	5	80
09/02/2015 05:10	0	0	25	48.1	0	14.7	5	80
09/02/2015 05:15	0	0	43.6	47.6	0	17.1	5	100
09/02/2015 05:20	0	0	32.1	48.1	0	15.1	5	100
09/02/2015 05:25	0	0	27.6	50	0	13.1	5	100
09/02/2015 05:30	0	0	27.4	48.1	0	12.8	5	100
09/02/2015 05:35	0	0	24.2	23.5	0	9.7	5	100
09/02/2015 05:40	0	0	19.5	18.2	0	6.9	5	100
09/02/2015 05:45	0	0	22.4	48.8	0	11.4	5	100
09/02/2015 05:50	0	0	30.4	16.7	0	9.6	5	100
09/02/2015 05:55	0	0	24.7	7.6	0	6.7	5	100
09/02/2015 06:00	0	0	24.7	48.5	14.3	12.1	5	100
09/02/2015 06:05	0	0	22.1	48.6	0	11.1	5	100
09/02/2015 06:10	0	0	35.4	9.4	0	9.3	5	100
09/02/2015 06:15	0	0	21.3	23.7	0	8.7	5	100
09/02/2015 06:20	0	0	16.2	50	0	7.3	5	100
09/02/2015 06:25	0	0	20.4	48.5	0	8.3	5	100
09/02/2015 06:30	0	0	18.7	50	0	7.5	5	100
09/02/2015 06:35	0	0	21.2	50	0	8.6	5	100
09/02/2015 06:40	0	0	14.4	50	0	6.6	5	100
09/02/2015 06:45	0	0	18.5	50	0	7.7	5	100
09/02/2015 06:50	0	0	22.6	3.2	0	5.6	5	100
09/02/2015 06:55	0	0	19.8	11.5	0	6.2	5	100
09/02/2015 07:00	0	0	14.8	9.9	0	5	5	100
09/02/2015 07:05	0	0	18	14.7	0	6.2	5	100
09/02/2015 07:10	0	0	14	45	0	8.9	5	100
09/02/2015 07:15	0	0	16.7	50	0	6.2	5	100
09/02/2015 07:20	0	0	16.3	36.7	0	6.8	5	100
09/02/2015 07:25	0	0	16.5	48.3	0	7.2	5	100
09/02/2015 07:30	0	0	15.2	50	0	6.7	5	100
09/02/2015 07:35	0	0	12.6	49.2	0	8.8	5	100
09/02/2015 07:40	0	0	24.2	50	0	10	5	100
09/02/2015 07:45	0	0	20.8	50	0	11	5	100
09/02/2015 07:50	0	0	14	48.7	0	7.6	5	100
09/02/2015 07:55	0	0	20.5	50	0	12.2	5	100
09/02/2015 08:00	0	0	17.7	40.3	0	10.3	5	100
09/02/2015 08:05	0	0	12.6	28.9	0	9.5	5	100
09/02/2015 08:10	0	0	12	49.1	0	8.8	5	80
09/02/2015 08:15	0	0	14.6	50	0	8	5	80
09/02/2015 08:20	0	0	20.5	48.9	0	9.5	5	100
09/02/2015 08:25	0	0	24.1	48.6	0	9.2	5	100
09/02/2015 08:30	0	0	16.2	48.9	0	9	5	100
09/02/2015 08:35	0	0	17.7	50	0	10	5	100
09/02/2015 08:40	0	0	24.2	47.8	0	9	5	100
09/02/2015 08:45	0	0	18.9	50	0	10.8	5	100
09/02/2015 08:50	0	0	28	48.3	0	10.5	5	100
09/02/2015 08:55	0	0	22.1	50	0	9.8	5	100
09/02/2015 09:00	0	0	21.5	50	0	9.3	5	100
09/02/2015 09:05	0	0	21.1	48.5	0	9.4	5	100
09/02/2015 09:10	0	0	15.5	50	0	8.3	5	100
09/02/2015 09:15	0	0	26.7	50	0	11.5	5	100
09/02/2015 09:20	0	0	17.4	48.8	0	9.1	5	100
09/02/2015 09:25	0	0	22.9	48.4	0	10.1	5	100
09/02/2015 09:30	0	0	22.9	50	0	11.4	5	100
09/02/2015 09:35	0	0	21	50	0	9.7	5	100
09/02/2015 09:40	0	0	30.4	50	0	10.8	5	100
09/02/2015 09:45	0	0	24.2	48.3	0	10	5	100
09/02/2015 09:50	0	0	25	50	0	10.6	5	100
09/02/2015 09:55	0	0	27.7	50	0	11.4	5	100
09/02/2015 10:00	0	0	29.7	50	0	10.1	5	100
09/02/2015 10:05	0	0	32.1	48.4	0	12.5	5	100
09/02/2015 10:10	0	0	33.3	50	0	13.3	5	100
09/02/2015 10:15	0	0	26.9	48.5	0	11.8	5	100
09/02/2015 10:20	0	0	32	48.6	0	11.6	5	100
09/02/2015 10:25	0	0	23	50	0	12.2	5	100
09/02/2015 10:30	0	0	31	48.7	0	13.3	5	100
09/02/2015 10:35	0	0	27.6	48.4	0	12.1	5	100
09/02/2015 10:40	0	0	28.8	50	48.4	16	5	100
09/02/2015 10:45	0	0	28.7	50	0	10.3	5	100
09/02/2015 10:50	0	0	29.3	48.6	0	11.9	5	80
09/02/2015 10:55	0	0	24.3	48.6	0	11.3	5	80
09/02/2015 11:00	0	0	31.3	50	0	11.4	5	80
09/02/2015 11:05	0	0	22.1	44.4	0	7.7	5	100
09/02/2015 11:10	0	0	25	50	0	10.5	5	100
09/02/2015 11:15	0	0	25.5	35	0	10	5	100
09/02/2015 11:20	0	0	31.6	50	0	12.2	5	100
09/02/2015 11:25	0	0	25	48.8	0	10	5	100
09/02/2015 11:30	0	0	23.3	48.1	0	9.8	5	100
09/02/2015 11:35	0	0	19.4	48.7	0	9.6	5	100
09/02/2015 11:40	0	0	25.8	50	0	10.6	5	100
09/02/2015 11:45	0	0	26.9	50	0	10.7	5	100
09/02/2015 11:50	0	0	25	48.6	0	10.7	5	100
09/02/2015 11:55	0	0	27.7	39	0	11.6	5	100
09/02/2015 12:00	0	0	23.1	15	0	7.8	5	100
09/02/2015 12:05	0	0	21.7	15.2	0	7	5	100
09/02/2015 12:10	0	0	18	29.5	0	9.8	5	100
09/02/2015 12:15	0	0	33.3	47.8	0	9.6	5	100
09/02/2015 12:20	0	0	26.1	39.1	0	11.3	5	100
09/02/2015 12:25	0	0	18.3	34.9	0	8.4	5	100
09/02/2015 12:30	0	0	22.7	3.3	0	5.6	5	100
09/02/2015 12:35	0	0	43.3	0	0	8.9	5	100
09/02/2015 12:40	0	0	22.2	0	0	4.9	5	100
09/02/2015 12:45	0	0	13.4	0	0	3.2	5	100
09/02/2015 12:50	0	0	11.3	8.5	0	3.7	5	100
09/02/2015 12:55	0	0	33.7	0	0	6.6	5	100
09/02/2015 13:00	0	0	20.9	0	0	4.6	5	100
09/02/2015 13:05	0	0	38.9	8.3	0	8.8	5	100
09/02/2015 13:10	0	0	7.3	0	0	1.7	5	100
09/02/2015 13:15	0	0	1.9	0	0	.5	5	100
09/02/2015 13:20	0	0	37.4	0	0	7.6	5	100
09/02/2015 13:25	0	0	15	0	0	3.3	5	100
09/02/2015 13:30	0	0	19.8	0	0	5	5	100
09/02/2015 13:35	0	0	26.7	0	0	5.2	5	100
09/02/2015 13:40	0	0	13.6	0	0	2.8	5	100
09/02/2015 13:45	0	0	19.8	0	0	4.5	5	100
09/02/2015 13:50	0	0	16.5	0	0	3.8	5	100
09/02/2015 13:55	0	0	27.1	3.4	0	6.1	5	100
09/02/2015 14:00	0	0	16.3	0	0	3.7	5	100
09/02/2015 14:05	0	0	23.5	20	0	7.1	5	100
09/02/2015 14:10	0	0	12.5	0	0	3.1	5	100
09/02/2015 14:15	0	0	21	0	0	4.9	5	80
09/02/2015 14:20	0	0	16.8	0	0	4.8	5	100
09/02/2015 14:25	0	0	11.2	0	0	3.4	5	100
09/02/2015 14:30	0	0	3.4	0	0	.9	5	100
09/02/2015 14:35	0	0	19.8	0	0	4.4	5	100
09/02/2015 14:40	0	0	30	15.5	0	8.7	5	100
09/02/2015 14:45	0	0	23.5	5.8	0	6	5	100
09/02/2015 14:50	0	0	26.2	0	0	5.4	5	100
09/02/2015 14:55	0	0	21.1	0	0	5.1	5	100
09/02/2015 15:00	0	0	23.8	1.7	0	5.4	5	100
09/02/2015 15:05	0	0	5.9	3.3	0	1.8	5	100
09/02/2015 15:10	0	0	7.5	0	0	2	5	100
09/02/2015 15:15	0	0	5.7	0	0	1.7	5	100
09/02/2015 15:20	0	0	46.6	0	0	10.2	5	80
09/02/2015 15:25	0	0	28.8	0	0	6.8	5	80
09/02/2015 15:30	0	0	27.6	0	0	6	5	100
09/02/2015 15:35	0	0	20.8	0	0	4.2	5	100
09/02/2015 15:40	0	0	50	3.2	0	8.5	5	100
09/02/2015 15:45	0	0	25.8	0	0	3.6	5	100
09/02/2015 15:50	0	0	13.2	0	0	3.2	5	100
09/02/2015 15:55	0	0	20.9	0	0	4.7	5	80
09/02/2015 16:00	0	0	18.2	0	0	3.7	5	100
09/02/2015 16:05	0	0	4.9	0	0	1.1	5	100
09/02/2015 16:10	0	0	10.1	0	0	2.4	5	100
09/02/2015 16:15	0	0	30.6	6.3	0	7.2	5	100
09/02/2015 16:20	0	0	11.8	3.8	0	3	5	100
09/02/2015 16:25	0	0	37	0	0	8	5	100
09/02/2015 16:30	0	0	17.3	1.9	0	4	5	100
09/02/2015 16:35	0	0	1.8	0	0	.4	5	100
09/02/2015 16:40	0	0	5.4	0	0	1.2	5	100
09/02/2015 16:45	0	0	20.6	0	0	4.4	5	100
09/02/2015 16:50	0	0	10.1	4.4	0	2.9	5	100
09/02/2015 16:55	0	0	10.3	0	0	2.3	5	100
09/02/2015 17:00	0	0	4.2	0	0	1	5	100
09/02/2015 17:05	0	0	13.1	7.2	0	3.9	5	100
09/02/2015 17:10	0	0	9.7	0	0	2.4	5	100
09/02/2015 17:15	0	0	9	0	0	2.4	5	100
09/02/2015 17:20	0	0	25.8	0	0	6.8	5	100
09/02/2015 17:25	0	0	23.5	0	0	6.7	5	100
09/02/2015 17:30	0	0	16.5	0	0	3.6	5	80
09/02/2015 17:35	0	0	8	0	0	1.9	5	100
09/02/2015 17:40	0	0	3.9	0	0	.9	5	80
09/02/2015 17:45	0	0	10.3	0	0	2.4	5	80
09/02/2015 17:50	0	0	10.2	0	0	2.5	5	100
09/02/2015 17:55	0	0	10.6	0	0	2.5	5	100
09/02/2015 18:00	0	0	0	7.4	0	.5	5	100
09/02/2015 18:05	0	0	2.5	0	0	.7	5	100
09/02/2015 18:10	0	0	10.2	0	0	2.5	5	100
09/02/2015 18:15	0	0	10.6	0	0	2.5	5	100
09/02/2015 18:20	0	0	11.9	0	0	2.7	5	100
09/02/2015 18:25	0	0	17	8.9	0	4.8	5	100
09/02/2015 18:30	0	0	28	0	0	5.8	5	100
09/02/2015 18:35	0	0	17.3	0	0	3.9	5	100
09/02/2015 18:40	0	0	6.6	1.7	0	1.7	5	100
09/02/2015 18:45	0	0	6	9.8	0	2.3	5	100
09/02/2015 18:50	0	0	.9	0	0	.2	5	100
09/02/2015 18:55	0	0	4.5	0	0	1.2	5	100
09/02/2015 19:00	0	0	12.2	50	0	7.5	5	100
09/02/2015 19:05	0	0	22.5	50	0	7.4	5	100
09/02/2015 19:10	0	0	18.5	50	0	8.4	5	100
09/02/2015 19:15	0	0	25	48.7	0	10.6	5	100
09/02/2015 19:20	0	0	25.3	50	0	11.2	5	100
09/02/2015 19:25	0	0	16.8	50	0	8.4	5	100
09/02/2015 19:30	0	0	24.7	48.6	0	12.1	5	100
09/02/2015 19:35	0	0	32.4	50	0	13.1	5	100
09/02/2015 19:40	0	0	11.6	50	0	6.8	5	100
09/02/2015 19:45	0	0	15.3	48.7	0	9.4	5	100
09/02/2015 19:50	0	0	16.1	50	0	7.5	5	100
09/02/2015 19:55	0	0	26.8	50	0	9.4	5	100
09/02/2015 20:00	0	0	20.5	50	0	7.9	5	100
09/02/2015 20:05	0	0	22.7	48	0	8.3	5	100
09/02/2015 20:10	0	0	17.9	50	0	6.9	5	100
09/02/2015 20:15	0	0	20.7	25	0	7.2	5	100
09/02/2015 20:20	0	0	18.4	42.9	0	9.2	5	100
09/02/2015 20:25	0	0	12.8	28.6	0	7.1	5	100
09/02/2015 20:30	0	0	20.5	50	0	10	5	100
09/02/2015 20:35	0	0	18.2	50	0	11.5	5	100
09/02/2015 20:40	0	0	16.7	48.6	0	11.5	5	100
09/02/2015 20:45	0	0	24.7	48.8	0	12.1	5	80
09/02/2015 20:50	0	0	18.1	47.1	0	7.6	5	80
09/02/2015 20:55	0	0	20.5	16.7	0	7.2	5	100
09/02/2015 21:00	0	0	27.1	48	0	11.3	5	100
09/02/2015 21:05	0	0	18.5	49.2	0	12.5	5	100
09/02/2015 21:10	0	0	25.3	50	0	11.2	5	100
09/02/2015 21:15	0	0	22.5	49	0	11.8	5	100
09/02/2015 21:20	0	0	16.5	44.1	0	11.5	5	100
09/02/2015 21:25	0	0	19.4	50	0	14.6	5	100
09/02/2015 21:30	0	0	19.4	39.3	0	12.7	5	100
09/02/2015 21:35	0	0	22.4	50	0	14.7	5	100
09/02/2015 21:40	0	0	21.8	26.8	0	10.2	5	100
09/02/2015 21:45	0	0	18.6	50	0	11.3	5	100
09/02/2015 21:50	0	0	26.3	31.5	0	13.3	5	100
09/02/2015 21:55	0	0	20.9	15.2	0	7.7	5	100
09/02/2015 22:00	0	0	21.1	49	0	14.8	5	100
09/02/2015 22:05	0	0	31.1	48.9	0	17.2	5	100
09/02/2015 22:10	0	0	11.8	50	0	8.1	5	100
09/02/2015 22:15	0	0	39	48.1	0	15.7	5	100
09/02/2015 22:20	0	0	37	50	0	13.7	5	100
09/02/2015 22:25	0	0	25	48.5	0	13.9	5	100
09/02/2015 22:30	0	0	32.7	49.2	0	22.2	5	100
09/02/2015 22:35	0	0	23.4	35.7	0	16.2	5	100
09/02/2015 22:40	0	0	19.1	50	0	12.2	5	100
09/02/2015 22:45	0	0	11.6	50	0	13.2	5	100
09/02/2015 22:50	0	0	18	49.2	0	19.1	5	100
09/02/2015 22:55	0	0	22.4	50	0	15	5	100
09/02/2015 23:00	0	0	14.9	48.4	0	15.6	5	100
09/02/2015 23:05	0	0	18.2	47.8	0	12.2	5	100
09/02/2015 23:10	0	0	30.6	48.1	0	16.7	5	100
09/02/2015 23:15	0	0	16.2	50	0	14.2	5	100
09/02/2015 23:20	0	0	39.5	48.1	0	20.1	5	100
09/02/2015 23:25	0	0	22	48.4	0	16.7	5	100
09/02/2015 23:30	0	0	15	50	0	15.3	5	100
09/02/2015 23:35	0	0	30.8	48	0	18.3	5	100
09/02/2015 23:40	0	0	26.5	48.5	0	18.1	5	100
09/02/2015 23:45	0	0	7.1	49.1	0	20.4	5	100
09/02/2015 23:50	0	0	18.4	49.3	0	25.9	5	100
09/02/2015 23:55	0	0	14.3	48.4	0	26	5	100
